   1.00000      0.100000      0.000000E+00  0.000000E+00  0.000000E+00  0.000000E+00  0.000000E+00
   1.01384      0.109900       2.85000      0.937072       161.920      0.000000E+00  0.000000E+00
   1.01849      0.119800       2.85000      0.891426       161.920      0.000000E+00  0.000000E+00
   1.02436      0.129700       2.85000      0.847096       161.920      0.000000E+00  0.000000E+00
   1.03111      0.139600       2.85000      0.836372       161.920      0.000000E+00  0.000000E+00
   1.03717      0.149500       2.85000      0.809433       161.920      0.000000E+00  0.000000E+00
   1.04271      0.159400       2.85000      0.798971       161.920      0.000000E+00  0.000000E+00
   1.04851      0.169300       2.85000      0.789982       161.920      0.000000E+00  0.000000E+00
   1.05358      0.179200       2.85000      0.775102       161.920      0.000000E+00  0.000000E+00
   1.05920      0.189100       2.85000      0.770215       161.920      0.000000E+00  0.000000E+00
   1.06388      0.199000       2.85000      0.754293       161.920      0.000000E+00  0.000000E+00
   1.06936      0.208900       2.85000      0.752737       161.920      0.000000E+00  0.000000E+00
   1.07378      0.218800       2.85000      0.737967       161.920      0.000000E+00  0.000000E+00
   1.07908      0.228700       2.85000      0.736371       161.920      0.000000E+00  0.000000E+00
   1.08323      0.238600       2.85000      0.724323       161.920      0.000000E+00  0.000000E+00
   1.08821      0.248500       2.85000      0.719490       161.920      0.000000E+00  0.000000E+00
   1.09210      0.258400       2.85000      0.711927       161.920      0.000000E+00  0.000000E+00
   1.09664      0.268300       2.85000      0.700061       161.920      0.000000E+00  0.000000E+00
   1.10043      0.278200       2.85000      0.697752       161.920      0.000000E+00  0.000000E+00
   1.10421      0.288100       2.85000      0.681255       161.920      0.000000E+00  0.000000E+00
   1.10832      0.298000       2.85000      0.680886       161.920      0.000000E+00  0.000000E+00
   1.11157      0.307900       2.85000      0.673381       161.920      0.000000E+00  0.000000E+00
   1.11561      0.317800       2.85000      0.661051       161.920      0.000000E+00  0.000000E+00
   1.11884      0.327700       2.85000      0.661458       161.920      0.000000E+00  0.000000E+00
   1.12172      0.337600       2.85000      0.652554       161.920      0.000000E+00  0.000000E+00
   1.12551      0.347500       2.85000      0.642593       161.920      0.000000E+00  0.000000E+00
   1.12784      0.357400       2.85000      0.639547       161.920      0.000000E+00  0.000000E+00
   1.12978      0.367300       2.85000      0.631681       161.920      0.000000E+00  0.000000E+00
   1.13199      0.377200       2.85000      0.621530       161.920      0.000000E+00  0.000000E+00
   1.13401      0.387100       2.85000      0.611770       161.920      0.000000E+00  0.000000E+00
   1.13508      0.397000       2.85000      0.602109       161.920      0.000000E+00  0.000000E+00
   1.13504      0.406900       2.85000      0.591831       161.920      0.000000E+00  0.000000E+00
   1.13378      0.416800       2.85000      0.581219       161.920      0.000000E+00  0.000000E+00
   1.13169      0.426700       2.85000      0.570260       161.920      0.000000E+00  0.000000E+00
   1.12924      0.436600       2.85000      0.558811       161.920      0.000000E+00  0.000000E+00
   1.12675      0.446500       2.85000      0.546872       161.920      0.000000E+00  0.000000E+00
   1.12402      0.456400       2.85000      0.534982       161.920      0.000000E+00  0.000000E+00
   1.12066      0.466300       2.85000      0.524303       161.920      0.000000E+00  0.000000E+00
   1.11760      0.476200       2.85000      0.513133       161.920      0.000000E+00  0.000000E+00
   1.11495      0.486100       2.85000      0.501604       161.920      0.000000E+00  0.000000E+00
   1.11200      0.496000       2.85000      0.492521       161.920      0.000000E+00  0.000000E+00
   1.10932      0.505900       2.85000      0.483233       161.920      0.000000E+00  0.000000E+00
   1.10690      0.515800       2.85000      0.473446       161.920      0.000000E+00  0.000000E+00
   1.10442      0.525700       2.85000      0.463613       161.920      0.000000E+00  0.000000E+00
   1.10141      0.535600       2.85000      0.455422       161.920      0.000000E+00  0.000000E+00
   1.09862      0.545500       2.85000      0.446605       161.920      0.000000E+00  0.000000E+00
   1.09605      0.555400       2.85000      0.436974       161.920      0.000000E+00  0.000000E+00
   1.09301      0.565300       2.85000      0.428561       161.920      0.000000E+00  0.000000E+00
   1.08998      0.575200       2.85000      0.420752       161.920      0.000000E+00  0.000000E+00
   1.08727      0.585100       2.85000      0.412219       161.920      0.000000E+00  0.000000E+00
   1.08470      0.595000       2.85000      0.403349       161.920      0.000000E+00  0.000000E+00
   1.08143      0.604900       2.85000      0.396476       161.920      0.000000E+00  0.000000E+00
   1.07794      0.614800       2.85000      0.388519       161.920      0.000000E+00  0.000000E+00
   1.07340      0.624700       2.85000      0.379154       161.920      0.000000E+00  0.000000E+00
   1.06625      0.634600       2.85000      0.368591       161.920      0.000000E+00  0.000000E+00
   1.05897      0.644500       2.85000      0.357717       161.920      0.000000E+00  0.000000E+00
   1.05285      0.654400       2.85000      0.347482       161.920      0.000000E+00  0.000000E+00
   1.04740      0.664300       2.85000      0.338642       161.920      0.000000E+00  0.000000E+00
   1.04262      0.674200       2.85000      0.330259       161.920      0.000000E+00  0.000000E+00
   1.03822      0.684100       2.85000      0.322777       161.920      0.000000E+00  0.000000E+00
   1.03439      0.694000       2.85000      0.314793       161.920      0.000000E+00  0.000000E+00
   1.03076      0.703900       2.85000      0.309197       161.920      0.000000E+00  0.000000E+00
   1.02723      0.713800       2.85000      0.302363       161.920      0.000000E+00  0.000000E+00
   1.02289      0.723700       2.85000      0.295197       161.920      0.000000E+00  0.000000E+00
   1.01693      0.733600       2.85000      0.287526       161.920      0.000000E+00  0.000000E+00
   1.00955      0.743500       2.85000      0.277814       161.920      0.000000E+00  0.000000E+00
   1.00276      0.753400       2.85000      0.268379       161.920      0.000000E+00  0.000000E+00
  0.996631      0.763300       2.85000      0.260294       161.920      0.000000E+00  0.000000E+00
  0.991022      0.773200       2.85000      0.253114       161.920      0.000000E+00  0.000000E+00
  0.985770      0.783100       2.85000      0.245363       161.920      0.000000E+00  0.000000E+00
  0.980690      0.793000       2.85000      0.239374       161.920      0.000000E+00  0.000000E+00
  0.975988      0.802900       2.85000      0.232228       161.920      0.000000E+00  0.000000E+00
  0.971044      0.812800       2.85000      0.226641       161.920      0.000000E+00  0.000000E+00
  0.966227      0.822700       2.85000      0.219844       161.920      0.000000E+00  0.000000E+00
  0.960820      0.832600       2.85000      0.213860       161.920      0.000000E+00  0.000000E+00
  0.955461      0.842500       2.85000      0.206542       161.920      0.000000E+00  0.000000E+00
  0.949491      0.852400       2.85000      0.200553       161.920      0.000000E+00  0.000000E+00
  0.943704      0.862300       2.85000      0.193225       161.920      0.000000E+00  0.000000E+00
  0.937687      0.872200       2.85000      0.187037       161.920      0.000000E+00  0.000000E+00
  0.931697      0.882100       2.85000      0.180481       161.920      0.000000E+00  0.000000E+00
  0.925817      0.892000       2.85000      0.173642       161.920      0.000000E+00  0.000000E+00
  0.919734      0.901900       2.85000      0.167932       161.920      0.000000E+00  0.000000E+00
  0.913823      0.911800       2.85000      0.161123       161.920      0.000000E+00  0.000000E+00
  0.907809      0.921700       2.85000      0.155543       161.920      0.000000E+00  0.000000E+00
  0.901822      0.931600       2.85000      0.149541       161.920      0.000000E+00  0.000000E+00
  0.895978      0.941500       2.85000      0.143317       161.920      0.000000E+00  0.000000E+00
  0.890029      0.951400       2.85000      0.138212       161.920      0.000000E+00  0.000000E+00
  0.884369      0.961300       2.85000      0.131974       161.920      0.000000E+00  0.000000E+00
  0.878668      0.971200       2.85000      0.127470       161.920      0.000000E+00  0.000000E+00
  0.873207      0.981100       2.85000      0.122060       161.920      0.000000E+00  0.000000E+00
  0.867825      0.991000       2.85000      0.117514       161.920      0.000000E+00  0.000000E+00
  0.862577       1.00090       2.85000      0.112743       161.920      0.000000E+00  0.000000E+00
  0.857410       1.01080       2.85000      0.108291       161.920      0.000000E+00  0.000000E+00
  0.852286       1.02070       2.85000      0.103932       161.920      0.000000E+00  0.000000E+00
  0.847178       1.03060       2.85000      0.995327E-01   161.920      0.000000E+00  0.000000E+00
  0.841985       1.04050       2.85000      0.953491E-01   161.920      0.000000E+00  0.000000E+00
  0.836799       1.05040       2.85000      0.908189E-01   161.920      0.000000E+00  0.000000E+00
  0.831437       1.06030       2.85000      0.868151E-01   161.920      0.000000E+00  0.000000E+00
  0.826184       1.07020       2.85000      0.820179E-01   161.920      0.000000E+00  0.000000E+00
  0.820689       1.08010       2.85000      0.783669E-01   161.920      0.000000E+00  0.000000E+00
  0.815482       1.09000       2.85000      0.734099E-01   161.920      0.000000E+00  0.000000E+00
  0.810031       1.09990       2.85000      0.702774E-01   161.920      0.000000E+00  0.000000E+00
  0.804994       1.10980       2.85000      0.654173E-01   161.920      0.000000E+00  0.000000E+00
  0.799802       1.11970       2.85000      0.628856E-01   161.920      0.000000E+00  0.000000E+00
  0.795037       1.12960       2.85000      0.584356E-01   161.920      0.000000E+00  0.000000E+00
  0.790212       1.13950       2.85000      0.564116E-01   161.920      0.000000E+00  0.000000E+00
  0.785753       1.14940       2.85000      0.524701E-01   161.920      0.000000E+00  0.000000E+00
  0.781285       1.15930       2.85000      0.507756E-01   161.920      0.000000E+00  0.000000E+00
  0.777146       1.16920       2.85000      0.478067E-01   161.920      0.000000E+00  0.000000E+00
  0.773012       1.17910       2.85000      0.456820E-01   161.920      0.000000E+00  0.000000E+00
  0.769146       1.18900       2.85000      0.442428E-01   161.920      0.000000E+00  0.000000E+00
  0.765407       1.19890       2.85000      0.409462E-01   161.920      0.000000E+00  0.000000E+00
  0.761717       1.20880       2.85000      0.409140E-01   161.920      0.000000E+00  0.000000E+00
  0.758311       1.21870       2.85000      0.392330E-01   161.920      0.000000E+00  0.000000E+00
  0.754856       1.22860       2.85000      0.367698E-01   161.920      0.000000E+00  0.000000E+00
  0.751648       1.23850       2.85000      0.378971E-01   161.920      0.000000E+00  0.000000E+00
  0.748567       1.24840       2.85000      0.365859E-01   161.920      0.000000E+00  0.000000E+00
  0.745417       1.25830       2.85000      0.345658E-01   161.920      0.000000E+00  0.000000E+00
  0.742491       1.26820       2.85000      0.363348E-01   161.920      0.000000E+00  0.000000E+00
  0.739725       1.27810       2.85000      0.363233E-01   161.920      0.000000E+00  0.000000E+00
  0.736903       1.28800       2.85000      0.346627E-01   161.920      0.000000E+00  0.000000E+00
  0.734045       1.29790       2.85000      0.352390E-01   161.920      0.000000E+00  0.000000E+00
  0.731550       1.30780       2.85000      0.373675E-01   161.920      0.000000E+00  0.000000E+00
  0.729074       1.31770       2.85000      0.369613E-01   161.920      0.000000E+00  0.000000E+00
  0.726511       1.32760       2.85000      0.360574E-01   161.920      0.000000E+00  0.000000E+00
  0.723952       1.33750       2.85000      0.376744E-01   161.920      0.000000E+00  0.000000E+00
  0.721711       1.34740       2.85000      0.401684E-01   161.920      0.000000E+00  0.000000E+00
  0.719449       1.35730       2.85000      0.400555E-01   161.920      0.000000E+00  0.000000E+00
  0.717078       1.36720       2.85000      0.391908E-01   161.920      0.000000E+00  0.000000E+00
  0.714550       1.37710       2.85000      0.395990E-01   161.920      0.000000E+00  0.000000E+00
  0.712393       1.38700       2.85000      0.429015E-01   161.920      0.000000E+00  0.000000E+00
  0.710242       1.39690       2.85000      0.434715E-01   161.920      0.000000E+00  0.000000E+00
  0.707977       1.40680       2.85000      0.422102E-01   161.920      0.000000E+00  0.000000E+00
  0.705521       1.41670       2.85000      0.411167E-01   161.920      0.000000E+00  0.000000E+00
  0.703264       1.42660       2.85000      0.443188E-01   161.920      0.000000E+00  0.000000E+00
  0.701157       1.43650       2.85000      0.460101E-01   161.920      0.000000E+00  0.000000E+00
  0.698970       1.44640       2.85000      0.450039E-01   161.920      0.000000E+00  0.000000E+00
  0.696646       1.45630       2.85000      0.433672E-01   161.920      0.000000E+00  0.000000E+00
  0.694202       1.46620       2.85000      0.441533E-01   161.920      0.000000E+00  0.000000E+00
  0.692058       1.47610       2.85000      0.470932E-01   161.920      0.000000E+00  0.000000E+00
  0.689910       1.48600       2.85000      0.468279E-01   161.920      0.000000E+00  0.000000E+00
  0.687649       1.49590       2.85000      0.448353E-01   161.920      0.000000E+00  0.000000E+00
  0.685163       1.50580       2.85000      0.429445E-01   161.920      0.000000E+00  0.000000E+00
  0.682913       1.51570       2.85000      0.468798E-01   161.920      0.000000E+00  0.000000E+00
  0.680759       1.52560       2.85000      0.480144E-01   161.920      0.000000E+00  0.000000E+00
  0.678519       1.53550       2.85000      0.462216E-01   161.920      0.000000E+00  0.000000E+00
  0.676130       1.54540       2.85000      0.437444E-01   161.920      0.000000E+00  0.000000E+00
  0.673660       1.55530       2.85000      0.455298E-01   161.920      0.000000E+00  0.000000E+00
  0.671437       1.56520       2.85000      0.477725E-01   161.920      0.000000E+00  0.000000E+00
  0.669188       1.57510       2.85000      0.464109E-01   161.920      0.000000E+00  0.000000E+00
  0.666828       1.58500       2.85000      0.435110E-01   161.920      0.000000E+00  0.000000E+00
  0.664246       1.59490       2.85000      0.433000E-01   161.920      0.000000E+00  0.000000E+00
  0.661921       1.60480       2.85000      0.465808E-01   161.920      0.000000E+00  0.000000E+00
  0.659642       1.61470       2.85000      0.459982E-01   161.920      0.000000E+00  0.000000E+00
  0.657257       1.62460       2.85000      0.430631E-01   161.920      0.000000E+00  0.000000E+00
  0.654654       1.63450       2.85000      0.410565E-01   161.920      0.000000E+00  0.000000E+00
  0.652179       1.64440       2.85000      0.449245E-01   161.920      0.000000E+00  0.000000E+00
  0.649840       1.65430       2.85000      0.448233E-01   161.920      0.000000E+00  0.000000E+00
  0.647410       1.66420       2.85000      0.418350E-01   161.920      0.000000E+00  0.000000E+00
  0.644780       1.67410       2.85000      0.390497E-01   161.920      0.000000E+00  0.000000E+00
  0.642159       1.68400       2.85000      0.430135E-01   161.920      0.000000E+00  0.000000E+00
  0.639744       1.69390       2.85000      0.428877E-01   161.920      0.000000E+00  0.000000E+00
  0.637253       1.70380       2.85000      0.397383E-01   161.920      0.000000E+00  0.000000E+00
  0.634535       1.71370       2.85000      0.373571E-01   161.920      0.000000E+00  0.000000E+00
  0.631801       1.72360       2.85000      0.408217E-01   161.920      0.000000E+00  0.000000E+00
  0.629308       1.73350       2.85000      0.401058E-01   161.920      0.000000E+00  0.000000E+00
  0.626738       1.74340       2.85000      0.366285E-01   161.920      0.000000E+00  0.000000E+00
  0.623849       1.75330       2.85000      0.358488E-01   161.920      0.000000E+00  0.000000E+00
  0.621076       1.76320       2.85000      0.383957E-01   161.920      0.000000E+00  0.000000E+00
  0.618511       1.77310       2.85000      0.366456E-01   161.920      0.000000E+00  0.000000E+00
  0.615861       1.78300       2.85000      0.326620E-01   161.920      0.000000E+00  0.000000E+00
  0.612718       1.79290       2.85000      0.343349E-01   161.920      0.000000E+00  0.000000E+00
  0.609969       1.80280       2.85000      0.354000E-01   161.920      0.000000E+00  0.000000E+00
  0.607328       1.81270       2.85000      0.325861E-01   161.920      0.000000E+00  0.000000E+00
  0.604420       1.82260       2.85000      0.298761E-01   161.920      0.000000E+00  0.000000E+00
  0.601184       1.83250       2.85000      0.324113E-01   161.920      0.000000E+00  0.000000E+00
  0.598470       1.84240       2.85000      0.311546E-01   161.920      0.000000E+00  0.000000E+00
  0.595715       1.85230       2.85000      0.273595E-01   161.920      0.000000E+00  0.000000E+00
  0.592240       1.86220       2.85000      0.288166E-01   161.920      0.000000E+00  0.000000E+00
  0.589254       1.87210       2.85000      0.289733E-01   161.920      0.000000E+00  0.000000E+00
  0.586518       1.88200       2.85000      0.259252E-01   161.920      0.000000E+00  0.000000E+00
  0.583097       1.89190       2.85000      0.253159E-01   161.920      0.000000E+00  0.000000E+00
  0.579768       1.90180       2.85000      0.261819E-01   161.920      0.000000E+00  0.000000E+00
  0.576952       1.91170       2.85000      0.236403E-01   161.920      0.000000E+00  0.000000E+00
  0.573620       1.92160       2.85000      0.220212E-01   161.920      0.000000E+00  0.000000E+00
  0.569963       1.93150       2.85000      0.231341E-01   161.920      0.000000E+00  0.000000E+00
  0.566998       1.94140       2.85000      0.208893E-01   161.920      0.000000E+00  0.000000E+00
  0.563655       1.95130       2.85000      0.191697E-01   161.920      0.000000E+00  0.000000E+00
  0.559763       1.96120       2.85000      0.200493E-01   161.920      0.000000E+00  0.000000E+00
  0.556691       1.97110       2.85000      0.178142E-01   161.920      0.000000E+00  0.000000E+00
  0.553090       1.98100       2.85000      0.166298E-01   161.920      0.000000E+00  0.000000E+00
  0.549110       1.99090       2.85000      0.168720E-01   161.920      0.000000E+00  0.000000E+00
  0.546002       2.00080       2.85000      0.144540E-01   161.920      0.000000E+00  0.000000E+00
  0.541823       2.01070       2.85000      0.141775E-01   161.920      0.000000E+00  0.000000E+00
  0.537948       2.02060       2.85000      0.133727E-01   161.920      0.000000E+00  0.000000E+00
  0.534774       2.03050       2.85000      0.108644E-01   161.920      0.000000E+00  0.000000E+00
  0.529856       2.04040       2.85000      0.113898E-01   161.920      0.000000E+00  0.000000E+00
  0.526257       2.05030       2.85000      0.960137E-02   161.920      0.000000E+00  0.000000E+00
  0.521532       2.06020       2.85000      0.889217E-02   161.920      0.000000E+00  0.000000E+00
  0.517285       2.07010       2.85000      0.778736E-02   161.920      0.000000E+00  0.000000E+00
  0.512808       2.08000       2.85000      0.637964E-02   161.920      0.000000E+00  0.000000E+00
  0.507731       2.08990       2.85000      0.575719E-02   161.920      0.000000E+00  0.000000E+00
  0.502922       2.09980       2.85000      0.433198E-02   161.920      0.000000E+00  0.000000E+00
  0.497170       2.10970       2.85000      0.349543E-02   161.920      0.000000E+00  0.000000E+00
  0.490643       2.11960       2.85000      0.234554E-02   161.920      0.000000E+00  0.000000E+00
  0.484767       2.12950       2.85000      0.992485E-03   161.920      0.000000E+00  0.000000E+00
  0.474767       2.12950       2.85000      0.000000E+00   161.920      0.000000E+00  0.000000E+00
  0.464767       2.12950       2.85000      0.000000E+00   161.920      0.000000E+00  0.000000E+00
  0.454767       2.12950       2.85000      0.000000E+00   161.920      0.000000E+00  0.000000E+00
  0.444767       2.12950       2.85000      0.000000E+00   161.920      0.000000E+00  0.000000E+00
  0.434767       2.12950       2.85000      0.000000E+00   161.920      0.000000E+00  0.000000E+00
  0.424767       2.12950       2.85000      0.000000E+00   161.920      0.000000E+00  0.000000E+00
  0.414767       2.12950       2.85000      0.000000E+00   161.920      0.000000E+00  0.000000E+00
  0.404767       2.12950       2.85000      0.000000E+00   161.920      0.000000E+00  0.000000E+00
  0.394767       2.12950       2.85000      0.000000E+00   161.920      0.000000E+00  0.000000E+00
  0.384767       2.12950       2.85000      0.000000E+00   161.920      0.000000E+00  0.000000E+00
  0.374767       2.12950       2.85000      0.000000E+00   161.920      0.000000E+00  0.000000E+00
  0.364767       2.12950       2.85000      0.000000E+00   161.920      0.000000E+00  0.000000E+00
  0.354767       2.12950       2.85000      0.000000E+00   161.920      0.000000E+00  0.000000E+00
  0.344767       2.12950       2.85000      0.000000E+00   161.920      0.000000E+00  0.000000E+00
  0.334767       2.12950       2.85000      0.000000E+00   161.920      0.000000E+00  0.000000E+00
  0.324767       2.12950       2.85000      0.000000E+00   161.920      0.000000E+00  0.000000E+00
  0.314767       2.12950       2.85000      0.000000E+00   161.920      0.000000E+00  0.000000E+00
  0.304767       2.12950       2.85000      0.000000E+00   161.920      0.000000E+00  0.000000E+00
  0.294767       2.12950       2.85000      0.000000E+00   161.920      0.000000E+00  0.000000E+00
  0.284767       2.12950       2.85000      0.000000E+00   161.920      0.000000E+00  0.000000E+00
  0.274767       2.12950       2.85000      0.000000E+00   161.920      0.000000E+00  0.000000E+00
  0.264767       2.12950       2.85000      0.000000E+00   161.920      0.000000E+00  0.000000E+00
  0.254767       2.12950       2.85000      0.000000E+00   161.920      0.000000E+00  0.000000E+00
  0.244767       2.12950       2.85000      0.000000E+00   161.920      0.000000E+00  0.000000E+00
  0.234767       2.12950       2.85000      0.000000E+00   161.920      0.000000E+00  0.000000E+00
  0.224767       2.12950       2.85000      0.000000E+00   161.920      0.000000E+00  0.000000E+00
  0.214767       2.12950       2.85000      0.000000E+00   161.920      0.000000E+00  0.000000E+00
  0.204767       2.12950       2.85000      0.000000E+00   161.920      0.000000E+00  0.000000E+00
  0.194767       2.12950       2.85000      0.000000E+00   161.920      0.000000E+00  0.000000E+00
  0.184767       2.12950       2.85000      0.000000E+00   161.920      0.000000E+00  0.000000E+00
  0.174767       2.12950       2.85000      0.000000E+00   161.920      0.000000E+00  0.000000E+00
  0.164767       2.12950       2.85000      0.000000E+00   161.920      0.000000E+00  0.000000E+00
  0.154767       2.12950       2.85000      0.000000E+00   161.920      0.000000E+00  0.000000E+00
  0.144767       2.12950       2.85000      0.000000E+00   161.920      0.000000E+00  0.000000E+00
  0.134767       2.12950       2.85000      0.000000E+00   161.920      0.000000E+00  0.000000E+00
  0.124767       2.12950       2.85000      0.000000E+00   161.920      0.000000E+00  0.000000E+00
  0.114767       2.12950       2.85000      0.000000E+00   161.920      0.000000E+00  0.000000E+00
  0.104767       2.12950       2.85000      0.000000E+00   161.920      0.000000E+00  0.000000E+00
  0.947670E-01   2.12950       2.85000      0.000000E+00   161.920      0.000000E+00  0.000000E+00
  0.847670E-01   2.12950       2.85000      0.000000E+00   161.920      0.000000E+00  0.000000E+00
  0.747670E-01   2.12950       2.85000      0.000000E+00   161.920      0.000000E+00  0.000000E+00
  0.647670E-01   2.12950       2.85000      0.000000E+00   161.920      0.000000E+00  0.000000E+00
  0.547670E-01   2.12950       2.85000      0.000000E+00   161.920      0.000000E+00  0.000000E+00
  0.447670E-01   2.12950       2.85000      0.000000E+00   161.920      0.000000E+00  0.000000E+00
  0.347670E-01   2.12950       2.85000      0.000000E+00   161.920      0.000000E+00  0.000000E+00
  0.247670E-01   2.12950       2.85000      0.000000E+00   161.920      0.000000E+00  0.000000E+00
  0.147670E-01   2.12950       2.85000      0.000000E+00   161.920      0.000000E+00  0.000000E+00
  0.476700E-02   2.12950       2.85000      0.000000E+00   161.920      0.000000E+00  0.000000E+00
  0.000000E+00   2.12950      0.000000E+00  0.000000E+00  0.000000E+00  0.000000E+00  0.000000E+00
