   0.50000E-02   0.16192E+03   0.46600E+01   0.00000E+00   0.46600E+01   0.00000E+00
   0.15000E-01   0.16192E+03   0.46600E+01   0.00000E+00   0.46600E+01   0.00000E+00
   0.25000E-01   0.16192E+03   0.46600E+01   0.00000E+00   0.46600E+01   0.00000E+00
   0.35000E-01   0.16192E+03   0.46600E+01   0.00000E+00   0.46600E+01   0.00000E+00
   0.45000E-01   0.16192E+03   0.46600E+01   0.00000E+00   0.46600E+01   0.00000E+00
   0.55000E-01   0.16192E+03   0.46600E+01   0.00000E+00   0.46600E+01   0.00000E+00
   0.65000E-01   0.16192E+03   0.46600E+01   0.00000E+00   0.46600E+01   0.00000E+00
   0.75000E-01   0.16192E+03   0.46600E+01   0.00000E+00   0.46600E+01   0.00000E+00
   0.85000E-01   0.16192E+03   0.46600E+01   0.00000E+00   0.46600E+01   0.00000E+00
   0.95000E-01   0.16192E+03   0.46600E+01   0.00000E+00   0.46600E+01   0.00000E+00
   0.10500E+00   0.16192E+03   0.46600E+01   0.00000E+00   0.46600E+01   0.00000E+00
   0.11500E+00   0.16192E+03   0.46600E+01   0.00000E+00   0.46600E+01   0.00000E+00
   0.12500E+00   0.16192E+03   0.46600E+01   0.00000E+00   0.46600E+01   0.00000E+00
   0.13500E+00   0.16192E+03   0.46600E+01   0.00000E+00   0.46600E+01   0.00000E+00
   0.14500E+00   0.16192E+03   0.46600E+01   0.00000E+00   0.46600E+01   0.00000E+00
   0.15500E+00   0.16192E+03   0.46600E+01   0.00000E+00   0.46600E+01   0.00000E+00
   0.16500E+00   0.16192E+03   0.46600E+01   0.00000E+00   0.46600E+01   0.00000E+00
   0.17500E+00   0.16192E+03   0.46600E+01   0.00000E+00   0.46600E+01   0.00000E+00
   0.18500E+00   0.16192E+03   0.46600E+01   0.00000E+00   0.46600E+01   0.00000E+00
   0.19500E+00   0.16192E+03   0.46600E+01   0.00000E+00   0.46600E+01   0.00000E+00
   0.20500E+00   0.16192E+03   0.46600E+01   0.00000E+00   0.46600E+01   0.00000E+00
   0.21500E+00   0.16192E+03   0.46600E+01   0.00000E+00   0.46600E+01   0.00000E+00
   0.22500E+00   0.16192E+03   0.46600E+01   0.00000E+00   0.46600E+01   0.00000E+00
   0.23500E+00   0.16192E+03   0.46600E+01   0.00000E+00   0.46600E+01   0.00000E+00
   0.24500E+00   0.16192E+03   0.46600E+01   0.00000E+00   0.46600E+01   0.00000E+00
   0.25500E+00   0.16192E+03   0.46600E+01   0.00000E+00   0.46600E+01   0.00000E+00
   0.26500E+00   0.16192E+03   0.46600E+01   0.00000E+00   0.46600E+01   0.00000E+00
   0.27500E+00   0.16192E+03   0.46600E+01   0.00000E+00   0.46600E+01   0.00000E+00
   0.28500E+00   0.16192E+03   0.46600E+01   0.00000E+00   0.46600E+01   0.00000E+00
   0.29500E+00   0.16192E+03   0.46600E+01   0.00000E+00   0.46600E+01   0.00000E+00
   0.30500E+00   0.16192E+03   0.46600E+01   0.00000E+00   0.46600E+01   0.00000E+00
   0.31500E+00   0.16192E+03   0.46600E+01   0.00000E+00   0.46600E+01   0.54564E-16
   0.32500E+00   0.16192E+03   0.46600E+01   0.51738E-16   0.46600E+01   0.26576E-15
   0.33500E+00   0.16192E+03   0.46600E+01   0.28949E-15   0.46600E+01   0.14870E-14
   0.34500E+00   0.16192E+03   0.46600E+01   0.11195E-14   0.46600E+01   0.57505E-14
   0.35500E+00   0.16192E+03   0.46600E+01   0.41412E-14   0.46600E+01   0.21272E-13
   0.36500E+00   0.16192E+03   0.46600E+01   0.14612E-13   0.46600E+01   0.75053E-13
   0.37500E+00   0.16192E+03   0.46600E+01   0.50718E-13   0.46600E+01   0.26052E-12
   0.38500E+00   0.16192E+03   0.46600E+01   0.17113E-12   0.46600E+01   0.87901E-12
   0.39500E+00   0.16192E+03   0.46600E+01   0.56206E-12   0.46600E+01   0.28871E-11
   0.40500E+00   0.16192E+03   0.46600E+01   0.17978E-11   0.46600E+01   0.92345E-11
   0.41500E+00   0.16192E+03   0.46600E+01   0.55990E-11   0.46600E+01   0.28760E-10
   0.42500E+00   0.16192E+03   0.46600E+01   0.16979E-10   0.46600E+01   0.87214E-10
   0.43500E+00   0.16192E+03   0.46600E+01   0.50137E-10   0.46600E+01   0.25753E-09
   0.44500E+00   0.16192E+03   0.46600E+01   0.14416E-09   0.46600E+01   0.74050E-09
   0.45500E+00   0.16192E+03   0.46600E+01   0.40362E-09   0.46600E+01   0.20732E-08
   0.46500E+00   0.16192E+03   0.46600E+01   0.11004E-08   0.46600E+01   0.56521E-08
   0.47500E+00   0.16192E+03   0.46600E+01   0.29208E-08   0.46600E+01   0.15003E-07
   0.48500E+00   0.16192E+03   0.46600E+01   0.75482E-08   0.46600E+01   0.38772E-07
   0.49500E+00   0.16192E+03   0.46600E+01   0.18990E-07   0.46600E+01   0.97543E-07
   0.50500E+00   0.16192E+03   0.46600E+01   0.46505E-07   0.46600E+01   0.23888E-06
   0.51500E+00   0.16192E+03   0.46600E+01   0.11084E-06   0.46600E+01   0.56934E-06
   0.52500E+00   0.16192E+03   0.46599E+01   0.25707E-06   0.46599E+01   0.13204E-05
   0.53500E+00   0.16192E+03   0.46598E+01   0.58003E-06   0.46598E+01   0.29792E-05
   0.54500E+00   0.16192E+03   0.46596E+01   0.12729E-05   0.46596E+01   0.65378E-05
   0.55500E+00   0.16192E+03   0.46591E+01   0.27162E-05   0.46591E+01   0.13949E-04
   0.56500E+00   0.16192E+03   0.46582E+01   0.56337E-05   0.46582E+01   0.28928E-04
   0.57500E+00   0.16192E+03   0.46564E+01   0.11354E-04   0.46564E+01   0.58281E-04
   0.58500E+00   0.16192E+03   0.46533E+01   0.22226E-04   0.46533E+01   0.11402E-03
   0.59500E+00   0.16192E+03   0.46476E+01   0.42247E-04   0.46476E+01   0.21648E-03
   0.60500E+00   0.16192E+03   0.46380E+01   0.77944E-04   0.46380E+01   0.39865E-03
   0.61500E+00   0.16192E+03   0.46221E+01   0.13955E-03   0.46221E+01   0.71154E-03
   0.62500E+00   0.16192E+03   0.45968E+01   0.24245E-03   0.45968E+01   0.12301E-02
   0.63500E+00   0.16192E+03   0.45579E+01   0.40878E-03   0.45579E+01   0.20580E-02
   0.64500E+00   0.16192E+03   0.45004E+01   0.66908E-03   0.45004E+01   0.33300E-02
   0.65500E+00   0.16192E+03   0.44187E+01   0.10638E-02   0.44187E+01   0.52076E-02
   0.66500E+00   0.16192E+03   0.43070E+01   0.16450E-02   0.43070E+01   0.78688E-02
   0.67500E+00   0.16192E+03   0.41600E+01   0.24815E-02   0.41600E+01   0.11506E-01
   0.68500E+00   0.16192E+03   0.39708E+01   0.37058E-02   0.39707E+01   0.16481E-01
   0.69500E+00   0.16192E+03   0.37146E+01   0.59905E-02   0.37145E+01   0.25107E-01
   0.70500E+00   0.16192E+03   0.32838E+01   0.14739E-01   0.32830E+01   0.55424E-01
   0.71500E+00   0.16075E+03   0.27061E+01   0.52833E-01   0.26973E+01   0.16691E+00
   0.72500E+00   0.15741E+03   0.23307E+01   0.93259E-01   0.23071E+01   0.25391E+00
   0.73500E+00   0.15574E+03   0.21650E+01   0.11520E+00   0.21314E+01   0.29137E+00
   0.74500E+00   0.15458E+03   0.20569E+01   0.12981E+00   0.20164E+01   0.31191E+00
   0.75500E+00   0.15354E+03   0.19635E+01   0.14093E+00   0.19180E+01   0.32329E+00
   0.76500E+00   0.15259E+03   0.18824E+01   0.15107E+00   0.18322E+01   0.33221E+00
   0.77500E+00   0.15171E+03   0.18103E+01   0.16089E+00   0.17556E+01   0.34025E+00
   0.78500E+00   0.15086E+03   0.17438E+01   0.17035E+00   0.16847E+01   0.34700E+00
   0.79500E+00   0.15003E+03   0.16820E+01   0.17958E+00   0.16186E+01   0.35281E+00
   0.80500E+00   0.14924E+03   0.16244E+01   0.18875E+00   0.15569E+01   0.35808E+00
   0.81500E+00   0.14846E+03   0.15706E+01   0.19787E+00   0.14988E+01   0.36287E+00
   0.82500E+00   0.14771E+03   0.15200E+01   0.20696E+00   0.14440E+01   0.36726E+00
   0.83500E+00   0.14697E+03   0.14725E+01   0.21604E+00   0.13923E+01   0.37130E+00
   0.84500E+00   0.14625E+03   0.14279E+01   0.22510E+00   0.13434E+01   0.37505E+00
   0.85500E+00   0.14555E+03   0.13859E+01   0.23413E+00   0.12973E+01   0.37852E+00
   0.86500E+00   0.14486E+03   0.13465E+01   0.24311E+00   0.12537E+01   0.38172E+00
   0.87500E+00   0.14419E+03   0.13093E+01   0.25205E+00   0.12124E+01   0.38469E+00
   0.88500E+00   0.14353E+03   0.12742E+01   0.26095E+00   0.11731E+01   0.38743E+00
   0.89500E+00   0.14289E+03   0.12409E+01   0.26982E+00   0.11356E+01   0.38995E+00
   0.90500E+00   0.14226E+03   0.12092E+01   0.27868E+00   0.10999E+01   0.39229E+00
   0.91500E+00   0.14163E+03   0.11790E+01   0.28753E+00   0.10656E+01   0.39445E+00
   0.92500E+00   0.14101E+03   0.11503E+01   0.29637E+00   0.10328E+01   0.39645E+00
   0.93500E+00   0.14040E+03   0.11228E+01   0.30519E+00   0.10013E+01   0.39829E+00
   0.94500E+00   0.13980E+03   0.10967E+01   0.31398E+00   0.97110E+00   0.39997E+00
   0.95500E+00   0.13920E+03   0.10717E+01   0.32273E+00   0.94214E+00   0.40151E+00
   0.96500E+00   0.13862E+03   0.10479E+01   0.33142E+00   0.91438E+00   0.40290E+00
   0.97500E+00   0.13804E+03   0.10252E+01   0.34001E+00   0.88779E+00   0.40411E+00
   0.98500E+00   0.13748E+03   0.10035E+01   0.34849E+00   0.86232E+00   0.40515E+00
   0.99500E+00   0.13692E+03   0.98274E+00   0.35686E+00   0.83785E+00   0.40600E+00
   0.10050E+01   0.13636E+03   0.96279E+00   0.36510E+00   0.81433E+00   0.40665E+00
   0.10150E+01   0.13582E+03   0.94364E+00   0.37320E+00   0.79171E+00   0.40710E+00
   0.10250E+01   0.13529E+03   0.92515E+00   0.38116E+00   0.76989E+00   0.40734E+00
   0.10350E+01   0.13474E+03   0.90707E+00   0.38909E+00   0.74857E+00   0.40737E+00
   0.10450E+01   0.13420E+03   0.88941E+00   0.39700E+00   0.72774E+00   0.40724E+00
   0.10550E+01   0.13366E+03   0.87223E+00   0.40486E+00   0.70747E+00   0.40695E+00
   0.10650E+01   0.13312E+03   0.85552E+00   0.41267E+00   0.68777E+00   0.40652E+00
   0.10750E+01   0.13258E+03   0.83925E+00   0.42045E+00   0.66857E+00   0.40596E+00
   0.10850E+01   0.13203E+03   0.82338E+00   0.42825E+00   0.64981E+00   0.40531E+00
   0.10950E+01   0.13148E+03   0.80783E+00   0.43609E+00   0.63140E+00   0.40458E+00
   0.11050E+01   0.13093E+03   0.79256E+00   0.44405E+00   0.61326E+00   0.40379E+00
   0.11150E+01   0.13037E+03   0.77761E+00   0.45210E+00   0.59543E+00   0.40296E+00
   0.11250E+01   0.12981E+03   0.76302E+00   0.46024E+00   0.57795E+00   0.40211E+00
   0.11350E+01   0.12924E+03   0.74888E+00   0.46839E+00   0.56095E+00   0.40122E+00
   0.11450E+01   0.12869E+03   0.73524E+00   0.47652E+00   0.54448E+00   0.40032E+00
   0.11550E+01   0.12813E+03   0.72214E+00   0.48460E+00   0.52858E+00   0.39941E+00
   0.11650E+01   0.12758E+03   0.70956E+00   0.49259E+00   0.51327E+00   0.39849E+00
   0.11750E+01   0.12703E+03   0.69749E+00   0.50048E+00   0.49853E+00   0.39754E+00
   0.11850E+01   0.12649E+03   0.68592E+00   0.50827E+00   0.48436E+00   0.39657E+00
   0.11950E+01   0.12596E+03   0.67480E+00   0.51593E+00   0.47071E+00   0.39557E+00
   0.12050E+01   0.12543E+03   0.66411E+00   0.52349E+00   0.45757E+00   0.39455E+00
   0.12150E+01   0.12491E+03   0.65383E+00   0.53094E+00   0.44491E+00   0.39351E+00
   0.12250E+01   0.12439E+03   0.64393E+00   0.53827E+00   0.43269E+00   0.39245E+00
   0.12350E+01   0.12388E+03   0.63440E+00   0.54550E+00   0.42090E+00   0.39137E+00
   0.12450E+01   0.12338E+03   0.62520E+00   0.55264E+00   0.40952E+00   0.39028E+00
   0.12550E+01   0.12287E+03   0.61632E+00   0.55968E+00   0.39851E+00   0.38918E+00
   0.12650E+01   0.12238E+03   0.60774E+00   0.56662E+00   0.38786E+00   0.38806E+00
   0.12750E+01   0.12188E+03   0.59943E+00   0.57349E+00   0.37753E+00   0.38692E+00
   0.12850E+01   0.12139E+03   0.59138E+00   0.58029E+00   0.36751E+00   0.38579E+00
   0.12950E+01   0.12090E+03   0.58360E+00   0.58702E+00   0.35779E+00   0.38466E+00
   0.13050E+01   0.12040E+03   0.57606E+00   0.59368E+00   0.34837E+00   0.38353E+00
   0.13150E+01   0.11992E+03   0.56873E+00   0.60027E+00   0.33920E+00   0.38238E+00
   0.13250E+01   0.11943E+03   0.56158E+00   0.60682E+00   0.33025E+00   0.38122E+00
   0.13350E+01   0.11894E+03   0.55455E+00   0.61330E+00   0.32150E+00   0.37999E+00
   0.13450E+01   0.11845E+03   0.54762E+00   0.61972E+00   0.31293E+00   0.37870E+00
   0.13550E+01   0.11795E+03   0.54077E+00   0.62609E+00   0.30452E+00   0.37733E+00
   0.13650E+01   0.11745E+03   0.53396E+00   0.63240E+00   0.29627E+00   0.37586E+00
   0.13750E+01   0.11695E+03   0.52720E+00   0.63866E+00   0.28814E+00   0.37430E+00
   0.13850E+01   0.11645E+03   0.52047E+00   0.64487E+00   0.28016E+00   0.37265E+00
   0.13950E+01   0.11593E+03   0.51381E+00   0.65107E+00   0.27231E+00   0.37094E+00
   0.14050E+01   0.11542E+03   0.50722E+00   0.65724E+00   0.26459E+00   0.36916E+00
   0.14150E+01   0.11490E+03   0.50071E+00   0.66342E+00   0.25699E+00   0.36737E+00
   0.14250E+01   0.11437E+03   0.49436E+00   0.66963E+00   0.24953E+00   0.36562E+00
   0.14350E+01   0.11383E+03   0.48818E+00   0.67589E+00   0.24221E+00   0.36392E+00
   0.14450E+01   0.11329E+03   0.48221E+00   0.68220E+00   0.23504E+00   0.36232E+00
   0.14550E+01   0.11275E+03   0.47647E+00   0.68858E+00   0.22801E+00   0.36083E+00
   0.14650E+01   0.11221E+03   0.47096E+00   0.69501E+00   0.22113E+00   0.35946E+00
   0.14750E+01   0.11166E+03   0.46566E+00   0.70149E+00   0.21440E+00   0.35819E+00
   0.14850E+01   0.11111E+03   0.46055E+00   0.70796E+00   0.20783E+00   0.35698E+00
   0.14950E+01   0.11056E+03   0.45560E+00   0.71440E+00   0.20141E+00   0.35580E+00
   0.15050E+01   0.11000E+03   0.45078E+00   0.72082E+00   0.19514E+00   0.35465E+00
   0.15150E+01   0.10944E+03   0.44608E+00   0.72718E+00   0.18902E+00   0.35350E+00
   0.15250E+01   0.10887E+03   0.44145E+00   0.73347E+00   0.18304E+00   0.35231E+00
   0.15350E+01   0.10830E+03   0.43674E+00   0.73959E+00   0.17721E+00   0.35091E+00
   0.15450E+01   0.10772E+03   0.43183E+00   0.74558E+00   0.17143E+00   0.34925E+00
   0.15550E+01   0.10713E+03   0.42676E+00   0.75144E+00   0.16575E+00   0.34734E+00
   0.15650E+01   0.10655E+03   0.42160E+00   0.75715E+00   0.16019E+00   0.34525E+00
   0.15750E+01   0.10594E+03   0.41634E+00   0.76275E+00   0.15474E+00   0.34296E+00
   0.15850E+01   0.10535E+03   0.41103E+00   0.76817E+00   0.14946E+00   0.34051E+00
   0.15950E+01   0.10473E+03   0.40600E+00   0.77364E+00   0.14432E+00   0.33825E+00
   0.16050E+01   0.10414E+03   0.40132E+00   0.77908E+00   0.13939E+00   0.33621E+00
   0.16150E+01   0.10353E+03   0.39695E+00   0.78450E+00   0.13464E+00   0.33437E+00
   0.16250E+01   0.10295E+03   0.39286E+00   0.78988E+00   0.13007E+00   0.33270E+00
   0.16350E+01   0.10235E+03   0.38903E+00   0.79523E+00   0.12565E+00   0.33120E+00
   0.16450E+01   0.10177E+03   0.38546E+00   0.80053E+00   0.12140E+00   0.32985E+00
   0.16550E+01   0.10118E+03   0.38210E+00   0.80579E+00   0.11729E+00   0.32863E+00
   0.16650E+01   0.10059E+03   0.37892E+00   0.81100E+00   0.11330E+00   0.32752E+00
   0.16750E+01   0.10001E+03   0.37588E+00   0.81615E+00   0.10944E+00   0.32646E+00
   0.16850E+01   0.99403E+02   0.37293E+00   0.82124E+00   0.10566E+00   0.32544E+00
   0.16950E+01   0.98813E+02   0.37005E+00   0.82626E+00   0.10199E+00   0.32442E+00
   0.17050E+01   0.98212E+02   0.36722E+00   0.83123E+00   0.98403E-01   0.32339E+00
   0.17150E+01   0.97594E+02   0.36442E+00   0.83613E+00   0.94896E-01   0.32234E+00
   0.17250E+01   0.96995E+02   0.36149E+00   0.84085E+00   0.91491E-01   0.32111E+00
   0.17350E+01   0.96362E+02   0.35826E+00   0.84547E+00   0.88103E-01   0.31954E+00
   0.17450E+01   0.95717E+02   0.35499E+00   0.85000E+00   0.84802E-01   0.31787E+00
   0.17550E+01   0.95087E+02   0.35165E+00   0.85443E+00   0.81574E-01   0.31609E+00
   0.17650E+01   0.94431E+02   0.34813E+00   0.85876E+00   0.78406E-01   0.31409E+00
   0.17750E+01   0.93764E+02   0.34454E+00   0.86292E+00   0.75353E-01   0.31195E+00
   0.17850E+01   0.93109E+02   0.34102E+00   0.86708E+00   0.72358E-01   0.30984E+00
   0.17950E+01   0.92461E+02   0.33774E+00   0.87121E+00   0.69472E-01   0.30792E+00
   0.18050E+01   0.91764E+02   0.33463E+00   0.87532E+00   0.66673E-01   0.30613E+00
   0.18150E+01   0.91090E+02   0.33164E+00   0.87937E+00   0.63969E-01   0.30440E+00
   0.18250E+01   0.90438E+02   0.32873E+00   0.88333E+00   0.61353E-01   0.30269E+00
   0.18350E+01   0.89756E+02   0.32588E+00   0.88724E+00   0.58811E-01   0.30101E+00
   0.18450E+01   0.89040E+02   0.32310E+00   0.89110E+00   0.56342E-01   0.29936E+00
   0.18550E+01   0.88348E+02   0.32040E+00   0.89489E+00   0.53954E-01   0.29774E+00
   0.18650E+01   0.87679E+02   0.31777E+00   0.89860E+00   0.51645E-01   0.29616E+00
   0.18750E+01   0.86994E+02   0.31520E+00   0.90225E+00   0.49402E-01   0.29459E+00
   0.18850E+01   0.86236E+02   0.31266E+00   0.90586E+00   0.47215E-01   0.29303E+00
   0.18950E+01   0.85503E+02   0.31016E+00   0.90939E+00   0.45103E-01   0.29147E+00
   0.19050E+01   0.84793E+02   0.30770E+00   0.91284E+00   0.43059E-01   0.28991E+00
   0.19150E+01   0.84108E+02   0.30533E+00   0.91622E+00   0.41083E-01   0.28841E+00
   0.19250E+01   0.83370E+02   0.30308E+00   0.91957E+00   0.39166E-01   0.28700E+00
   0.19350E+01   0.82564E+02   0.30093E+00   0.92288E+00   0.37307E-01   0.28565E+00
   0.19450E+01   0.81784E+02   0.29889E+00   0.92612E+00   0.35511E-01   0.28439E+00
   0.19550E+01   0.81032E+02   0.29697E+00   0.92930E+00   0.33777E-01   0.28322E+00
   0.19650E+01   0.80304E+02   0.29515E+00   0.93242E+00   0.32100E-01   0.28212E+00
   0.19750E+01   0.79599E+02   0.29339E+00   0.93548E+00   0.30475E-01   0.28104E+00
   0.19850E+01   0.78743E+02   0.29165E+00   0.93851E+00   0.28886E-01   0.27998E+00
   0.19950E+01   0.77839E+02   0.28993E+00   0.94149E+00   0.27338E-01   0.27891E+00
   0.20050E+01   0.76961E+02   0.28823E+00   0.94441E+00   0.25833E-01   0.27784E+00
   0.20150E+01   0.76110E+02   0.28653E+00   0.94726E+00   0.24376E-01   0.27675E+00
   0.20250E+01   0.75285E+02   0.28467E+00   0.95001E+00   0.22963E-01   0.27548E+00
   0.20350E+01   0.74474E+02   0.28272E+00   0.95274E+00   0.21573E-01   0.27410E+00
   0.20450E+01   0.73674E+02   0.28085E+00   0.95547E+00   0.20202E-01   0.27280E+00
   0.20550E+01   0.72546E+02   0.27892E+00   0.95808E+00   0.18896E-01   0.27140E+00
   0.20650E+01   0.71343E+02   0.27647E+00   0.96068E+00   0.17580E-01   0.26949E+00
   0.20750E+01   0.70192E+02   0.27384E+00   0.96317E+00   0.16322E-01   0.26737E+00
   0.20850E+01   0.69086E+02   0.27092E+00   0.96555E+00   0.15112E-01   0.26494E+00
   0.20950E+01   0.68007E+02   0.26780E+00   0.96790E+00   0.13932E-01   0.26229E+00
   0.21050E+01   0.66939E+02   0.26328E+00   0.97011E+00   0.12763E-01   0.25824E+00
   0.21150E+01   0.65887E+02   0.25834E+00   0.97230E+00   0.11613E-01   0.25375E+00
   0.21250E+01   0.64867E+02   0.25184E+00   0.97434E+00   0.10498E-01   0.24770E+00
   0.21350E+01   0.61012E+02   0.24433E+00   0.97615E+00   0.94721E-02   0.24060E+00
   0.21450E+01   0.54687E+02   0.23686E+00   0.97796E+00   0.84902E-02   0.23352E+00
   0.21550E+01   0.48733E+02   0.22941E+00   0.97972E+00   0.75658E-02   0.22644E+00
   0.21650E+01   0.43117E+02   0.22236E+00   0.98149E+00   0.66940E-02   0.21973E+00
   0.21750E+01   0.37838E+02   0.21539E+00   0.98324E+00   0.58744E-02   0.21309E+00
   0.21850E+01   0.32873E+02   0.20847E+00   0.98496E+00   0.51036E-02   0.20647E+00
   0.21950E+01   0.28203E+02   0.20155E+00   0.98666E+00   0.43785E-02   0.19984E+00
   0.22050E+01   0.23859E+02   0.19465E+00   0.98831E+00   0.37041E-02   0.19320E+00
   0.22150E+01   0.20038E+02   0.18719E+00   0.98980E+00   0.31108E-02   0.18598E+00
   0.22250E+01   0.16277E+02   0.17707E+00   0.99124E+00   0.25270E-02   0.17608E+00
   0.22350E+01   0.12847E+02   0.16711E+00   0.99267E+00   0.19946E-02   0.16634E+00
   0.22450E+01   0.96898E+01   0.15784E+00   0.99415E+00   0.15043E-02   0.15726E+00
   0.22550E+01   0.67925E+01   0.14858E+00   0.99565E+00   0.10545E-02   0.14817E+00
   0.22650E+01   0.46350E+01   0.13829E+00   0.99681E+00   0.71959E-03   0.13802E+00
   0.22750E+01   0.27253E+01   0.11360E+00   0.99772E+00   0.42311E-03   0.11344E+00
   0.22850E+01   0.91561E+00   0.58664E-01   0.99851E+00   0.14215E-03   0.58609E-01
   0.22950E+01   0.22697E+00   0.14496E-01   0.99851E+00   0.35237E-04   0.14482E-01
   0.23050E+01   0.00000E+00   0.00000E+00   0.10000E+01   0.00000E+00   0.00000E+00
   0.23150E+01   0.00000E+00   0.00000E+00   0.10000E+01   0.00000E+00   0.00000E+00
   0.23250E+01   0.00000E+00   0.00000E+00   0.10000E+01   0.00000E+00   0.00000E+00
   0.23350E+01   0.00000E+00   0.00000E+00   0.10000E+01   0.00000E+00   0.00000E+00
   0.23450E+01   0.00000E+00   0.00000E+00   0.10000E+01   0.00000E+00   0.00000E+00
   0.23550E+01   0.00000E+00   0.00000E+00   0.10000E+01   0.00000E+00   0.00000E+00
   0.23650E+01   0.00000E+00   0.00000E+00   0.10000E+01   0.00000E+00   0.00000E+00
   0.23750E+01   0.00000E+00   0.00000E+00   0.10000E+01   0.00000E+00   0.00000E+00
   0.23850E+01   0.00000E+00   0.00000E+00   0.10000E+01   0.00000E+00   0.00000E+00
   0.23950E+01   0.00000E+00   0.00000E+00   0.10000E+01   0.00000E+00   0.00000E+00
   0.24050E+01   0.00000E+00   0.00000E+00   0.10000E+01   0.00000E+00   0.00000E+00
   0.24150E+01   0.00000E+00   0.00000E+00   0.10000E+01   0.00000E+00   0.00000E+00
   0.24250E+01   0.00000E+00   0.00000E+00   0.10000E+01   0.00000E+00   0.00000E+00
   0.24350E+01   0.00000E+00   0.00000E+00   0.10000E+01   0.00000E+00   0.00000E+00
   0.24450E+01   0.00000E+00   0.00000E+00   0.10000E+01   0.00000E+00   0.00000E+00
   0.24550E+01   0.00000E+00   0.00000E+00   0.10000E+01   0.00000E+00   0.00000E+00
   0.24650E+01   0.00000E+00   0.00000E+00   0.10000E+01   0.00000E+00   0.00000E+00
   0.24750E+01   0.00000E+00   0.00000E+00   0.10000E+01   0.00000E+00   0.00000E+00
   0.24850E+01   0.00000E+00   0.00000E+00   0.10000E+01   0.00000E+00   0.00000E+00
   0.24950E+01   0.00000E+00   0.00000E+00   0.10000E+01   0.00000E+00   0.00000E+00
   0.25050E+01   0.00000E+00   0.00000E+00   0.10000E+01   0.00000E+00   0.00000E+00
   0.25150E+01   0.00000E+00   0.00000E+00   0.10000E+01   0.00000E+00   0.00000E+00
   0.25250E+01   0.00000E+00   0.00000E+00   0.10000E+01   0.00000E+00   0.00000E+00
   0.25350E+01   0.00000E+00   0.00000E+00   0.10000E+01   0.00000E+00   0.00000E+00
   0.25450E+01   0.00000E+00   0.00000E+00   0.10000E+01   0.00000E+00   0.00000E+00
   0.25550E+01   0.00000E+00   0.00000E+00   0.10000E+01   0.00000E+00   0.00000E+00
   0.25650E+01   0.00000E+00   0.00000E+00   0.10000E+01   0.00000E+00   0.00000E+00
   0.25750E+01   0.00000E+00   0.00000E+00   0.10000E+01   0.00000E+00   0.00000E+00
   0.25850E+01   0.00000E+00   0.00000E+00   0.10000E+01   0.00000E+00   0.00000E+00
   0.25950E+01   0.00000E+00   0.00000E+00   0.10000E+01   0.00000E+00   0.00000E+00
   0.26050E+01   0.00000E+00   0.00000E+00   0.10000E+01   0.00000E+00   0.00000E+00
   0.26150E+01   0.00000E+00   0.00000E+00   0.10000E+01   0.00000E+00   0.00000E+00
   0.26250E+01   0.00000E+00   0.00000E+00   0.10000E+01   0.00000E+00   0.00000E+00
   0.26350E+01   0.00000E+00   0.00000E+00   0.10000E+01   0.00000E+00   0.00000E+00
   0.26450E+01   0.00000E+00   0.00000E+00   0.10000E+01   0.00000E+00   0.00000E+00
   0.26550E+01   0.00000E+00   0.00000E+00   0.10000E+01   0.00000E+00   0.00000E+00
   0.26650E+01   0.00000E+00   0.00000E+00   0.10000E+01   0.00000E+00   0.00000E+00
   0.26750E+01   0.00000E+00   0.00000E+00   0.10000E+01   0.00000E+00   0.00000E+00
   0.26850E+01   0.00000E+00   0.00000E+00   0.10000E+01   0.00000E+00   0.00000E+00
   0.26950E+01   0.00000E+00   0.00000E+00   0.10000E+01   0.00000E+00   0.00000E+00
   0.27050E+01   0.00000E+00   0.00000E+00   0.10000E+01   0.00000E+00   0.00000E+00
   0.27150E+01   0.00000E+00   0.00000E+00   0.10000E+01   0.00000E+00   0.00000E+00
   0.27250E+01   0.00000E+00   0.00000E+00   0.10000E+01   0.00000E+00   0.00000E+00
   0.27350E+01   0.00000E+00   0.00000E+00   0.10000E+01   0.00000E+00   0.00000E+00
   0.27450E+01   0.00000E+00   0.00000E+00   0.10000E+01   0.00000E+00   0.00000E+00
   0.27550E+01   0.00000E+00   0.00000E+00   0.10000E+01   0.00000E+00   0.00000E+00
   0.27650E+01   0.00000E+00   0.00000E+00   0.10000E+01   0.00000E+00   0.00000E+00
   0.27750E+01   0.00000E+00   0.00000E+00   0.10000E+01   0.00000E+00   0.00000E+00
   0.27850E+01   0.00000E+00   0.00000E+00   0.10000E+01   0.00000E+00   0.00000E+00
   0.27950E+01   0.00000E+00   0.00000E+00   0.10000E+01   0.00000E+00   0.00000E+00
   0.28050E+01   0.00000E+00   0.00000E+00   0.10000E+01   0.00000E+00   0.00000E+00
   0.28150E+01   0.00000E+00   0.00000E+00   0.10000E+01   0.00000E+00   0.00000E+00
   0.28250E+01   0.00000E+00   0.00000E+00   0.10000E+01   0.00000E+00   0.00000E+00
   0.28350E+01   0.00000E+00   0.00000E+00   0.10000E+01   0.00000E+00   0.00000E+00
   0.28450E+01   0.00000E+00   0.00000E+00   0.10000E+01   0.00000E+00   0.00000E+00
   0.28550E+01   0.00000E+00   0.00000E+00   0.10000E+01   0.00000E+00   0.00000E+00
   0.28650E+01   0.00000E+00   0.00000E+00   0.10000E+01   0.00000E+00   0.00000E+00
   0.28750E+01   0.00000E+00   0.00000E+00   0.10000E+01   0.00000E+00   0.00000E+00
   0.28850E+01   0.00000E+00   0.00000E+00   0.10000E+01   0.00000E+00   0.00000E+00
   0.28950E+01   0.00000E+00   0.00000E+00   0.10000E+01   0.00000E+00   0.00000E+00
   0.29050E+01   0.00000E+00   0.00000E+00   0.10000E+01   0.00000E+00   0.00000E+00
   0.29150E+01   0.00000E+00   0.00000E+00   0.10000E+01   0.00000E+00   0.00000E+00
   0.29250E+01   0.00000E+00   0.00000E+00   0.10000E+01   0.00000E+00   0.00000E+00
   0.29350E+01   0.00000E+00   0.00000E+00   0.10000E+01   0.00000E+00   0.00000E+00
   0.29450E+01   0.00000E+00   0.00000E+00   0.10000E+01   0.00000E+00   0.00000E+00
   0.29550E+01   0.00000E+00   0.00000E+00   0.10000E+01   0.00000E+00   0.00000E+00
   0.29650E+01   0.00000E+00   0.00000E+00   0.10000E+01   0.00000E+00   0.00000E+00
   0.29750E+01   0.00000E+00   0.00000E+00   0.10000E+01   0.00000E+00   0.00000E+00
   0.29850E+01   0.00000E+00   0.00000E+00   0.10000E+01   0.00000E+00   0.00000E+00
   0.29950E+01   0.00000E+00   0.00000E+00   0.10000E+01   0.00000E+00   0.00000E+00
   0.30050E+01   0.00000E+00   0.00000E+00   0.10000E+01   0.00000E+00   0.00000E+00
   0.30150E+01   0.00000E+00   0.00000E+00   0.10000E+01   0.00000E+00   0.00000E+00
   0.30250E+01   0.00000E+00   0.00000E+00   0.10000E+01   0.00000E+00   0.00000E+00
   0.30350E+01   0.00000E+00   0.00000E+00   0.10000E+01   0.00000E+00   0.00000E+00
   0.30450E+01   0.00000E+00   0.00000E+00   0.10000E+01   0.00000E+00   0.00000E+00
   0.30550E+01   0.00000E+00   0.00000E+00   0.10000E+01   0.00000E+00   0.00000E+00
   0.30650E+01   0.00000E+00   0.00000E+00   0.10000E+01   0.00000E+00   0.00000E+00
   0.30750E+01   0.00000E+00   0.00000E+00   0.10000E+01   0.00000E+00   0.00000E+00
   0.30850E+01   0.00000E+00   0.00000E+00   0.10000E+01   0.00000E+00   0.00000E+00
   0.30950E+01   0.00000E+00   0.00000E+00   0.10000E+01   0.00000E+00   0.00000E+00
   0.31050E+01   0.00000E+00   0.00000E+00   0.10000E+01   0.00000E+00   0.00000E+00
   0.31150E+01   0.00000E+00   0.00000E+00   0.10000E+01   0.00000E+00   0.00000E+00
   0.31250E+01   0.00000E+00   0.00000E+00   0.10000E+01   0.00000E+00   0.00000E+00
   0.31350E+01   0.00000E+00   0.00000E+00   0.10000E+01   0.00000E+00   0.00000E+00
   0.31450E+01   0.00000E+00   0.00000E+00   0.10000E+01   0.00000E+00   0.00000E+00
   0.31550E+01   0.00000E+00   0.00000E+00   0.10000E+01   0.00000E+00   0.00000E+00
   0.31650E+01   0.00000E+00   0.00000E+00   0.10000E+01   0.00000E+00   0.00000E+00
   0.31750E+01   0.00000E+00   0.00000E+00   0.10000E+01   0.00000E+00   0.00000E+00
   0.31850E+01   0.00000E+00   0.00000E+00   0.10000E+01   0.00000E+00   0.00000E+00
   0.31950E+01   0.00000E+00   0.00000E+00   0.10000E+01   0.00000E+00   0.00000E+00
   0.32050E+01   0.00000E+00   0.00000E+00   0.10000E+01   0.00000E+00   0.00000E+00
   0.32150E+01   0.00000E+00   0.00000E+00   0.10000E+01   0.00000E+00   0.00000E+00
   0.32250E+01   0.00000E+00   0.00000E+00   0.10000E+01   0.00000E+00   0.00000E+00
   0.32350E+01   0.00000E+00   0.00000E+00   0.10000E+01   0.00000E+00   0.00000E+00
   0.32450E+01   0.00000E+00   0.00000E+00   0.10000E+01   0.00000E+00   0.00000E+00
   0.32550E+01   0.00000E+00   0.00000E+00   0.10000E+01   0.00000E+00   0.00000E+00
   0.32650E+01   0.00000E+00   0.00000E+00   0.10000E+01   0.00000E+00   0.00000E+00
   0.32750E+01   0.00000E+00   0.00000E+00   0.10000E+01   0.00000E+00   0.00000E+00
   0.32850E+01   0.00000E+00   0.00000E+00   0.10000E+01   0.00000E+00   0.00000E+00
   0.32950E+01   0.00000E+00   0.00000E+00   0.10000E+01   0.00000E+00   0.00000E+00
   0.33050E+01   0.00000E+00   0.00000E+00   0.10000E+01   0.00000E+00   0.00000E+00
   0.33150E+01   0.00000E+00   0.00000E+00   0.10000E+01   0.00000E+00   0.00000E+00
   0.33250E+01   0.00000E+00   0.00000E+00   0.10000E+01   0.00000E+00   0.00000E+00
   0.33350E+01   0.00000E+00   0.00000E+00   0.10000E+01   0.00000E+00   0.00000E+00
   0.33450E+01   0.00000E+00   0.00000E+00   0.10000E+01   0.00000E+00   0.00000E+00
   0.33550E+01   0.00000E+00   0.00000E+00   0.10000E+01   0.00000E+00   0.00000E+00
   0.33650E+01   0.00000E+00   0.00000E+00   0.10000E+01   0.00000E+00   0.00000E+00
   0.33750E+01   0.00000E+00   0.00000E+00   0.10000E+01   0.00000E+00   0.00000E+00
   0.33850E+01   0.00000E+00   0.00000E+00   0.10000E+01   0.00000E+00   0.00000E+00
   0.33950E+01   0.00000E+00   0.00000E+00   0.10000E+01   0.00000E+00   0.00000E+00
   0.34050E+01   0.00000E+00   0.00000E+00   0.10000E+01   0.00000E+00   0.00000E+00
   0.34150E+01   0.00000E+00   0.00000E+00   0.10000E+01   0.00000E+00   0.00000E+00
   0.34250E+01   0.00000E+00   0.00000E+00   0.10000E+01   0.00000E+00   0.00000E+00
   0.34350E+01   0.00000E+00   0.00000E+00   0.10000E+01   0.00000E+00   0.00000E+00
   0.34450E+01   0.00000E+00   0.00000E+00   0.10000E+01   0.00000E+00   0.00000E+00
   0.34550E+01   0.00000E+00   0.00000E+00   0.10000E+01   0.00000E+00   0.00000E+00
   0.34650E+01   0.00000E+00   0.00000E+00   0.10000E+01   0.00000E+00   0.00000E+00
   0.34750E+01   0.00000E+00   0.00000E+00   0.10000E+01   0.00000E+00   0.00000E+00
   0.34850E+01   0.00000E+00   0.00000E+00   0.10000E+01   0.00000E+00   0.00000E+00
   0.34950E+01   0.00000E+00   0.00000E+00   0.10000E+01   0.00000E+00   0.00000E+00
   0.35050E+01   0.00000E+00   0.00000E+00   0.10000E+01   0.00000E+00   0.00000E+00
   0.35150E+01   0.00000E+00   0.00000E+00   0.10000E+01   0.00000E+00   0.00000E+00
   0.35250E+01   0.00000E+00   0.00000E+00   0.10000E+01   0.00000E+00   0.00000E+00
   0.35350E+01   0.00000E+00   0.00000E+00   0.10000E+01   0.00000E+00   0.00000E+00
   0.35450E+01   0.00000E+00   0.00000E+00   0.10000E+01   0.00000E+00   0.00000E+00
   0.35550E+01   0.00000E+00   0.00000E+00   0.10000E+01   0.00000E+00   0.00000E+00
   0.35650E+01   0.00000E+00   0.00000E+00   0.10000E+01   0.00000E+00   0.00000E+00
   0.35750E+01   0.00000E+00   0.00000E+00   0.10000E+01   0.00000E+00   0.00000E+00
   0.35850E+01   0.00000E+00   0.00000E+00   0.10000E+01   0.00000E+00   0.00000E+00
   0.35950E+01   0.00000E+00   0.00000E+00   0.10000E+01   0.00000E+00   0.00000E+00
   0.36050E+01   0.00000E+00   0.00000E+00   0.10000E+01   0.00000E+00   0.00000E+00
   0.36150E+01   0.00000E+00   0.00000E+00   0.10000E+01   0.00000E+00   0.00000E+00
   0.36250E+01   0.00000E+00   0.00000E+00   0.10000E+01   0.00000E+00   0.00000E+00
   0.36350E+01   0.00000E+00   0.00000E+00   0.10000E+01   0.00000E+00   0.00000E+00
   0.36450E+01   0.00000E+00   0.00000E+00   0.10000E+01   0.00000E+00   0.00000E+00
   0.36550E+01   0.00000E+00   0.00000E+00   0.10000E+01   0.00000E+00   0.00000E+00
   0.36650E+01   0.00000E+00   0.00000E+00   0.10000E+01   0.00000E+00   0.00000E+00
   0.36750E+01   0.00000E+00   0.00000E+00   0.10000E+01   0.00000E+00   0.00000E+00
   0.36850E+01   0.00000E+00   0.00000E+00   0.10000E+01   0.00000E+00   0.00000E+00
   0.36950E+01   0.00000E+00   0.00000E+00   0.10000E+01   0.00000E+00   0.00000E+00
   0.37050E+01   0.00000E+00   0.00000E+00   0.10000E+01   0.00000E+00   0.00000E+00
   0.37150E+01   0.00000E+00   0.00000E+00   0.10000E+01   0.00000E+00   0.00000E+00
   0.37250E+01   0.00000E+00   0.00000E+00   0.10000E+01   0.00000E+00   0.00000E+00
   0.37350E+01   0.00000E+00   0.00000E+00   0.10000E+01   0.00000E+00   0.00000E+00
   0.37450E+01   0.00000E+00   0.00000E+00   0.10000E+01   0.00000E+00   0.00000E+00
   0.37550E+01   0.00000E+00   0.00000E+00   0.10000E+01   0.00000E+00   0.00000E+00
   0.37650E+01   0.00000E+00   0.00000E+00   0.10000E+01   0.00000E+00   0.00000E+00
   0.37750E+01   0.00000E+00   0.00000E+00   0.10000E+01   0.00000E+00   0.00000E+00
   0.37850E+01   0.00000E+00   0.00000E+00   0.10000E+01   0.00000E+00   0.00000E+00
   0.37950E+01   0.00000E+00   0.00000E+00   0.10000E+01   0.00000E+00   0.00000E+00
   0.38050E+01   0.00000E+00   0.00000E+00   0.10000E+01   0.00000E+00   0.00000E+00
   0.38150E+01   0.00000E+00   0.00000E+00   0.10000E+01   0.00000E+00   0.00000E+00
   0.38250E+01   0.00000E+00   0.00000E+00   0.10000E+01   0.00000E+00   0.00000E+00
   0.38350E+01   0.00000E+00   0.00000E+00   0.10000E+01   0.00000E+00   0.00000E+00
   0.38450E+01   0.00000E+00   0.00000E+00   0.10000E+01   0.00000E+00   0.00000E+00
   0.38550E+01   0.00000E+00   0.00000E+00   0.10000E+01   0.00000E+00   0.00000E+00
   0.38650E+01   0.00000E+00   0.00000E+00   0.10000E+01   0.00000E+00   0.00000E+00
   0.38750E+01   0.00000E+00   0.00000E+00   0.10000E+01   0.00000E+00   0.00000E+00
   0.38850E+01   0.00000E+00   0.00000E+00   0.10000E+01   0.00000E+00   0.00000E+00
   0.38950E+01   0.00000E+00   0.00000E+00   0.10000E+01   0.00000E+00   0.00000E+00
   0.39050E+01   0.00000E+00   0.00000E+00   0.10000E+01   0.00000E+00   0.00000E+00
   0.39150E+01   0.00000E+00   0.00000E+00   0.10000E+01   0.00000E+00   0.00000E+00
   0.39250E+01   0.00000E+00   0.00000E+00   0.10000E+01   0.00000E+00   0.00000E+00
   0.39350E+01   0.00000E+00   0.00000E+00   0.10000E+01   0.00000E+00   0.00000E+00
   0.39450E+01   0.00000E+00   0.00000E+00   0.10000E+01   0.00000E+00   0.00000E+00
   0.39550E+01   0.00000E+00   0.00000E+00   0.10000E+01   0.00000E+00   0.00000E+00
   0.39650E+01   0.00000E+00   0.00000E+00   0.10000E+01   0.00000E+00   0.00000E+00
   0.39750E+01   0.00000E+00   0.00000E+00   0.10000E+01   0.00000E+00   0.00000E+00
   0.39850E+01   0.00000E+00   0.00000E+00   0.10000E+01   0.00000E+00   0.00000E+00
   0.39950E+01   0.00000E+00   0.00000E+00   0.10000E+01   0.00000E+00   0.00000E+00
   0.40050E+01   0.00000E+00   0.00000E+00   0.10000E+01   0.00000E+00   0.00000E+00
   0.40150E+01   0.00000E+00   0.00000E+00   0.10000E+01   0.00000E+00   0.00000E+00
   0.40250E+01   0.00000E+00   0.00000E+00   0.10000E+01   0.00000E+00   0.00000E+00
   0.40350E+01   0.00000E+00   0.00000E+00   0.10000E+01   0.00000E+00   0.00000E+00
   0.40450E+01   0.00000E+00   0.00000E+00   0.10000E+01   0.00000E+00   0.00000E+00
   0.40550E+01   0.00000E+00   0.00000E+00   0.10000E+01   0.00000E+00   0.00000E+00
   0.40650E+01   0.00000E+00   0.00000E+00   0.10000E+01   0.00000E+00   0.00000E+00
   0.40750E+01   0.00000E+00   0.00000E+00   0.10000E+01   0.00000E+00   0.00000E+00
   0.40850E+01   0.00000E+00   0.00000E+00   0.10000E+01   0.00000E+00   0.00000E+00
   0.40950E+01   0.00000E+00   0.00000E+00   0.10000E+01   0.00000E+00   0.00000E+00
   0.41050E+01   0.00000E+00   0.00000E+00   0.10000E+01   0.00000E+00   0.00000E+00
   0.41150E+01   0.00000E+00   0.00000E+00   0.10000E+01   0.00000E+00   0.00000E+00
   0.41250E+01   0.00000E+00   0.00000E+00   0.10000E+01   0.00000E+00   0.00000E+00
   0.41350E+01   0.00000E+00   0.00000E+00   0.10000E+01   0.00000E+00   0.00000E+00
   0.41450E+01   0.00000E+00   0.00000E+00   0.10000E+01   0.00000E+00   0.00000E+00
   0.41550E+01   0.00000E+00   0.00000E+00   0.10000E+01   0.00000E+00   0.00000E+00
   0.41650E+01   0.00000E+00   0.00000E+00   0.10000E+01   0.00000E+00   0.00000E+00
   0.41750E+01   0.00000E+00   0.00000E+00   0.10000E+01   0.00000E+00   0.00000E+00
   0.41850E+01   0.00000E+00   0.00000E+00   0.10000E+01   0.00000E+00   0.00000E+00
   0.41950E+01   0.00000E+00   0.00000E+00   0.10000E+01   0.00000E+00   0.00000E+00
   0.42050E+01   0.00000E+00   0.00000E+00   0.10000E+01   0.00000E+00   0.00000E+00
   0.42150E+01   0.00000E+00   0.00000E+00   0.10000E+01   0.00000E+00   0.00000E+00
   0.42250E+01   0.00000E+00   0.00000E+00   0.10000E+01   0.00000E+00   0.00000E+00
   0.42350E+01   0.00000E+00   0.00000E+00   0.10000E+01   0.00000E+00   0.00000E+00
   0.42450E+01   0.00000E+00   0.00000E+00   0.10000E+01   0.00000E+00   0.00000E+00
   0.42550E+01   0.00000E+00   0.00000E+00   0.10000E+01   0.00000E+00   0.00000E+00
   0.42650E+01   0.00000E+00   0.00000E+00   0.10000E+01   0.00000E+00   0.00000E+00
   0.42750E+01   0.00000E+00   0.00000E+00   0.10000E+01   0.00000E+00   0.00000E+00
   0.42850E+01   0.00000E+00   0.00000E+00   0.10000E+01   0.00000E+00   0.00000E+00
   0.42950E+01   0.00000E+00   0.00000E+00   0.10000E+01   0.00000E+00   0.00000E+00
   0.43050E+01   0.00000E+00   0.00000E+00   0.10000E+01   0.00000E+00   0.00000E+00
   0.43150E+01   0.00000E+00   0.00000E+00   0.10000E+01   0.00000E+00   0.00000E+00
   0.43250E+01   0.00000E+00   0.00000E+00   0.10000E+01   0.00000E+00   0.00000E+00
   0.43350E+01   0.00000E+00   0.00000E+00   0.10000E+01   0.00000E+00   0.00000E+00
   0.43450E+01   0.00000E+00   0.00000E+00   0.10000E+01   0.00000E+00   0.00000E+00
   0.43550E+01   0.00000E+00   0.00000E+00   0.10000E+01   0.00000E+00   0.00000E+00
   0.43650E+01   0.00000E+00   0.00000E+00   0.10000E+01   0.00000E+00   0.00000E+00
   0.43750E+01   0.00000E+00   0.00000E+00   0.10000E+01   0.00000E+00   0.00000E+00
   0.43850E+01   0.00000E+00   0.00000E+00   0.10000E+01   0.00000E+00   0.00000E+00
   0.43950E+01   0.00000E+00   0.00000E+00   0.10000E+01   0.00000E+00   0.00000E+00
   0.44050E+01   0.00000E+00   0.00000E+00   0.10000E+01   0.00000E+00   0.00000E+00
   0.44150E+01   0.00000E+00   0.00000E+00   0.10000E+01   0.00000E+00   0.00000E+00
   0.44250E+01   0.00000E+00   0.00000E+00   0.10000E+01   0.00000E+00   0.00000E+00
   0.44350E+01   0.00000E+00   0.00000E+00   0.10000E+01   0.00000E+00   0.00000E+00
   0.44450E+01   0.00000E+00   0.00000E+00   0.10000E+01   0.00000E+00   0.00000E+00
   0.44550E+01   0.00000E+00   0.00000E+00   0.10000E+01   0.00000E+00   0.00000E+00
   0.44650E+01   0.00000E+00   0.00000E+00   0.10000E+01   0.00000E+00   0.00000E+00
   0.44750E+01   0.00000E+00   0.00000E+00   0.10000E+01   0.00000E+00   0.00000E+00
   0.44850E+01   0.00000E+00   0.00000E+00   0.10000E+01   0.00000E+00   0.00000E+00
   0.44950E+01   0.00000E+00   0.00000E+00   0.10000E+01   0.00000E+00   0.00000E+00
   0.45050E+01   0.00000E+00   0.00000E+00   0.10000E+01   0.00000E+00   0.00000E+00
   0.45150E+01   0.00000E+00   0.00000E+00   0.10000E+01   0.00000E+00   0.00000E+00
   0.45250E+01   0.00000E+00   0.00000E+00   0.10000E+01   0.00000E+00   0.00000E+00
   0.45350E+01   0.00000E+00   0.00000E+00   0.10000E+01   0.00000E+00   0.00000E+00
   0.45450E+01   0.00000E+00   0.00000E+00   0.10000E+01   0.00000E+00   0.00000E+00
   0.45550E+01   0.00000E+00   0.00000E+00   0.10000E+01   0.00000E+00   0.00000E+00
   0.45650E+01   0.00000E+00   0.00000E+00   0.10000E+01   0.00000E+00   0.00000E+00
   0.45750E+01   0.00000E+00   0.00000E+00   0.10000E+01   0.00000E+00   0.00000E+00
   0.45850E+01   0.00000E+00   0.00000E+00   0.10000E+01   0.00000E+00   0.00000E+00
   0.45950E+01   0.00000E+00   0.00000E+00   0.10000E+01   0.00000E+00   0.00000E+00
   0.46050E+01   0.00000E+00   0.00000E+00   0.10000E+01   0.00000E+00   0.00000E+00
   0.46150E+01   0.00000E+00   0.00000E+00   0.10000E+01   0.00000E+00   0.00000E+00
   0.46250E+01   0.00000E+00   0.00000E+00   0.10000E+01   0.00000E+00   0.00000E+00
   0.46350E+01   0.00000E+00   0.00000E+00   0.10000E+01   0.00000E+00   0.00000E+00
   0.46450E+01   0.00000E+00   0.00000E+00   0.10000E+01   0.00000E+00   0.00000E+00
   0.46550E+01   0.00000E+00   0.00000E+00   0.10000E+01   0.00000E+00   0.00000E+00
   0.46650E+01   0.00000E+00   0.00000E+00   0.10000E+01   0.00000E+00   0.00000E+00
   0.46750E+01   0.00000E+00   0.00000E+00   0.10000E+01   0.00000E+00   0.00000E+00
   0.46850E+01   0.00000E+00   0.00000E+00   0.10000E+01   0.00000E+00   0.00000E+00
   0.46950E+01   0.00000E+00   0.00000E+00   0.10000E+01   0.00000E+00   0.00000E+00
   0.47050E+01   0.00000E+00   0.00000E+00   0.10000E+01   0.00000E+00   0.00000E+00
   0.47150E+01   0.00000E+00   0.00000E+00   0.10000E+01   0.00000E+00   0.00000E+00
   0.47250E+01   0.00000E+00   0.00000E+00   0.10000E+01   0.00000E+00   0.00000E+00
   0.47350E+01   0.00000E+00   0.00000E+00   0.10000E+01   0.00000E+00   0.00000E+00
   0.47450E+01   0.00000E+00   0.00000E+00   0.10000E+01   0.00000E+00   0.00000E+00
   0.47550E+01   0.00000E+00   0.00000E+00   0.10000E+01   0.00000E+00   0.00000E+00
   0.47650E+01   0.00000E+00   0.00000E+00   0.10000E+01   0.00000E+00   0.00000E+00
   0.47750E+01   0.00000E+00   0.00000E+00   0.10000E+01   0.00000E+00   0.00000E+00
   0.47850E+01   0.00000E+00   0.00000E+00   0.10000E+01   0.00000E+00   0.00000E+00
   0.47950E+01   0.00000E+00   0.00000E+00   0.10000E+01   0.00000E+00   0.00000E+00
   0.48050E+01   0.00000E+00   0.00000E+00   0.10000E+01   0.00000E+00   0.00000E+00
   0.48150E+01   0.00000E+00   0.00000E+00   0.10000E+01   0.00000E+00   0.00000E+00
   0.48250E+01   0.00000E+00   0.00000E+00   0.10000E+01   0.00000E+00   0.00000E+00
   0.48350E+01   0.00000E+00   0.00000E+00   0.10000E+01   0.00000E+00   0.00000E+00
   0.48450E+01   0.00000E+00   0.00000E+00   0.10000E+01   0.00000E+00   0.00000E+00
   0.48550E+01   0.00000E+00   0.00000E+00   0.10000E+01   0.00000E+00   0.00000E+00
   0.48650E+01   0.00000E+00   0.00000E+00   0.10000E+01   0.00000E+00   0.00000E+00
   0.48750E+01   0.00000E+00   0.00000E+00   0.10000E+01   0.00000E+00   0.00000E+00
   0.48850E+01   0.00000E+00   0.00000E+00   0.10000E+01   0.00000E+00   0.00000E+00
   0.48950E+01   0.00000E+00   0.00000E+00   0.10000E+01   0.00000E+00   0.00000E+00
   0.49050E+01   0.00000E+00   0.00000E+00   0.10000E+01   0.00000E+00   0.00000E+00
   0.49150E+01   0.00000E+00   0.00000E+00   0.10000E+01   0.00000E+00   0.00000E+00
   0.49250E+01   0.00000E+00   0.00000E+00   0.10000E+01   0.00000E+00   0.00000E+00
   0.49350E+01   0.00000E+00   0.00000E+00   0.10000E+01   0.00000E+00   0.00000E+00
   0.49450E+01   0.00000E+00   0.00000E+00   0.10000E+01   0.00000E+00   0.00000E+00
   0.49550E+01   0.00000E+00   0.00000E+00   0.10000E+01   0.00000E+00   0.00000E+00
   0.49650E+01   0.00000E+00   0.00000E+00   0.10000E+01   0.00000E+00   0.00000E+00
   0.49750E+01   0.00000E+00   0.00000E+00   0.10000E+01   0.00000E+00   0.00000E+00
   0.49850E+01   0.00000E+00   0.00000E+00   0.10000E+01   0.00000E+00   0.00000E+00
   0.49950E+01   0.00000E+00   0.00000E+00   0.10000E+01   0.00000E+00   0.00000E+00
