   0.50000E-02   0.16192E+03   0.31198E+01   0.00000E+00   0.31198E+01   0.00000E+00
   0.15000E-01   0.16192E+03   0.31198E+01   0.00000E+00   0.31198E+01   0.00000E+00
   0.25000E-01   0.16192E+03   0.31198E+01   0.00000E+00   0.31198E+01   0.00000E+00
   0.35000E-01   0.16192E+03   0.31198E+01   0.00000E+00   0.31198E+01   0.00000E+00
   0.45000E-01   0.16192E+03   0.31198E+01   0.00000E+00   0.31198E+01   0.00000E+00
   0.55000E-01   0.16192E+03   0.31198E+01   0.00000E+00   0.31198E+01   0.00000E+00
   0.65000E-01   0.16192E+03   0.31198E+01   0.00000E+00   0.31198E+01   0.00000E+00
   0.75000E-01   0.16192E+03   0.31198E+01   0.00000E+00   0.31198E+01   0.00000E+00
   0.85000E-01   0.16192E+03   0.31198E+01   0.00000E+00   0.31198E+01   0.00000E+00
   0.95000E-01   0.16192E+03   0.31198E+01   0.00000E+00   0.31198E+01   0.00000E+00
   0.10500E+00   0.16192E+03   0.31198E+01   0.00000E+00   0.31198E+01   0.00000E+00
   0.11500E+00   0.16192E+03   0.31198E+01   0.00000E+00   0.31198E+01   0.00000E+00
   0.12500E+00   0.16192E+03   0.31198E+01   0.00000E+00   0.31198E+01   0.00000E+00
   0.13500E+00   0.16192E+03   0.31198E+01   0.00000E+00   0.31198E+01   0.00000E+00
   0.14500E+00   0.16192E+03   0.31198E+01   0.00000E+00   0.31198E+01   0.00000E+00
   0.15500E+00   0.16192E+03   0.31198E+01   0.00000E+00   0.31198E+01   0.00000E+00
   0.16500E+00   0.16192E+03   0.31198E+01   0.00000E+00   0.31198E+01   0.00000E+00
   0.17500E+00   0.16192E+03   0.31198E+01   0.00000E+00   0.31198E+01   0.00000E+00
   0.18500E+00   0.16192E+03   0.31198E+01   0.00000E+00   0.31198E+01   0.00000E+00
   0.19500E+00   0.16192E+03   0.31198E+01   0.00000E+00   0.31198E+01   0.00000E+00
   0.20500E+00   0.16192E+03   0.31198E+01   0.00000E+00   0.31198E+01   0.00000E+00
   0.21500E+00   0.16192E+03   0.31198E+01   0.00000E+00   0.31198E+01   0.00000E+00
   0.22500E+00   0.16192E+03   0.31198E+01   0.00000E+00   0.31198E+01   0.00000E+00
   0.23500E+00   0.16192E+03   0.31198E+01   0.00000E+00   0.31198E+01   0.00000E+00
   0.24500E+00   0.16192E+03   0.31198E+01   0.00000E+00   0.31198E+01   0.54407E-16
   0.25500E+00   0.16192E+03   0.31198E+01   0.89395E-16   0.31198E+01   0.32150E-15
   0.26500E+00   0.16192E+03   0.31198E+01   0.35193E-15   0.31198E+01   0.12657E-14
   0.27500E+00   0.16192E+03   0.31198E+01   0.11988E-14   0.31198E+01   0.43114E-14
   0.28500E+00   0.16192E+03   0.31198E+01   0.34834E-14   0.31198E+01   0.12528E-13
   0.29500E+00   0.16192E+03   0.31198E+01   0.96106E-14   0.31198E+01   0.34563E-13
   0.30500E+00   0.16192E+03   0.31198E+01   0.26838E-13   0.31198E+01   0.96521E-13
   0.31500E+00   0.16192E+03   0.31198E+01   0.73418E-13   0.31198E+01   0.26404E-12
   0.32500E+00   0.16192E+03   0.31198E+01   0.19761E-12   0.31198E+01   0.71067E-12
   0.33500E+00   0.16192E+03   0.31198E+01   0.52299E-12   0.31198E+01   0.18809E-11
   0.34500E+00   0.16192E+03   0.31198E+01   0.13608E-11   0.31198E+01   0.48938E-11
   0.35500E+00   0.16192E+03   0.31198E+01   0.34811E-11   0.31198E+01   0.12519E-10
   0.36500E+00   0.16192E+03   0.31198E+01   0.87558E-11   0.31198E+01   0.31489E-10
   0.37500E+00   0.16192E+03   0.31198E+01   0.21650E-10   0.31198E+01   0.77862E-10
   0.38500E+00   0.16192E+03   0.31198E+01   0.52625E-10   0.31198E+01   0.18926E-09
   0.39500E+00   0.16192E+03   0.31198E+01   0.12573E-09   0.31198E+01   0.45218E-09
   0.40500E+00   0.16192E+03   0.31198E+01   0.29525E-09   0.31198E+01   0.10618E-08
   0.41500E+00   0.16192E+03   0.31198E+01   0.68139E-09   0.31198E+01   0.24505E-08
   0.42500E+00   0.16192E+03   0.31198E+01   0.15453E-08   0.31198E+01   0.55574E-08
   0.43500E+00   0.16192E+03   0.31198E+01   0.34434E-08   0.31198E+01   0.12384E-07
   0.44500E+00   0.16192E+03   0.31198E+01   0.75391E-08   0.31198E+01   0.27113E-07
   0.45500E+00   0.16192E+03   0.31198E+01   0.16220E-07   0.31198E+01   0.58332E-07
   0.46500E+00   0.16192E+03   0.31198E+01   0.34314E-07   0.31198E+01   0.12341E-06
   0.47500E+00   0.16192E+03   0.31198E+01   0.71596E-07   0.31198E+01   0.25749E-06
   0.48500E+00   0.16192E+03   0.31198E+01   0.14905E-06   0.31198E+01   0.53603E-06
   0.49500E+00   0.16192E+03   0.31197E+01   0.32359E-06   0.31197E+01   0.11637E-05
   0.50500E+00   0.16192E+03   0.31196E+01   0.84633E-06   0.31196E+01   0.30435E-05
   0.51500E+00   0.16192E+03   0.31192E+01   0.34705E-05   0.31192E+01   0.12479E-04
   0.52500E+00   0.16192E+03   0.31174E+01   0.23419E-04   0.31174E+01   0.84167E-04
   0.53500E+00   0.16192E+03   0.31066E+01   0.21125E-03   0.31066E+01   0.75696E-03
   0.54500E+00   0.16192E+03   0.30432E+01   0.22058E-02   0.30432E+01   0.77638E-02
   0.55500E+00   0.16160E+03   0.28057E+01   0.20035E-01   0.28044E+01   0.65626E-01
   0.56500E+00   0.15815E+03   0.24014E+01   0.68799E-01   0.23881E+01   0.19306E+00
   0.57500E+00   0.15490E+03   0.20814E+01   0.11855E+00   0.20473E+01   0.28835E+00
   0.58500E+00   0.15240E+03   0.18683E+01   0.15554E+00   0.18155E+01   0.33945E+00
   0.59500E+00   0.15048E+03   0.17222E+01   0.18374E+00   0.16543E+01   0.36941E+00
   0.60500E+00   0.14896E+03   0.16150E+01   0.20553E+00   0.15354E+01   0.38726E+00
   0.61500E+00   0.14771E+03   0.15330E+01   0.22258E+00   0.14445E+01   0.39788E+00
   0.62500E+00   0.14669E+03   0.14686E+01   0.23623E+00   0.13731E+01   0.40433E+00
   0.63500E+00   0.14582E+03   0.14159E+01   0.24731E+00   0.13150E+01   0.40794E+00
   0.64500E+00   0.14506E+03   0.13713E+01   0.25657E+00   0.12662E+01   0.40973E+00
   0.65500E+00   0.14438E+03   0.13321E+01   0.26468E+00   0.12235E+01   0.41048E+00
   0.66500E+00   0.14372E+03   0.12960E+01   0.27221E+00   0.11842E+01   0.41058E+00
   0.67500E+00   0.14309E+03   0.12618E+01   0.27942E+00   0.11472E+01   0.41022E+00
   0.68500E+00   0.14248E+03   0.12295E+01   0.28635E+00   0.11122E+01   0.40948E+00
   0.69500E+00   0.14187E+03   0.11986E+01   0.29302E+00   0.10789E+01   0.40836E+00
   0.70500E+00   0.14128E+03   0.11690E+01   0.29951E+00   0.10471E+01   0.40696E+00
   0.71500E+00   0.14069E+03   0.11405E+01   0.30587E+00   0.10165E+01   0.40534E+00
   0.72500E+00   0.14012E+03   0.11131E+01   0.31212E+00   0.98710E+00   0.40355E+00
   0.73500E+00   0.13955E+03   0.10866E+01   0.31828E+00   0.95881E+00   0.40161E+00
   0.74500E+00   0.13898E+03   0.10611E+01   0.32434E+00   0.93154E+00   0.39951E+00
   0.75500E+00   0.13842E+03   0.10364E+01   0.33031E+00   0.90522E+00   0.39726E+00
   0.76500E+00   0.13787E+03   0.10125E+01   0.33617E+00   0.87980E+00   0.39484E+00
   0.77500E+00   0.13732E+03   0.98934E+00   0.34193E+00   0.85521E+00   0.39227E+00
   0.78500E+00   0.13677E+03   0.96686E+00   0.34762E+00   0.83143E+00   0.38959E+00
   0.79500E+00   0.13622E+03   0.94503E+00   0.35323E+00   0.80840E+00   0.38680E+00
   0.80500E+00   0.13568E+03   0.92380E+00   0.35876E+00   0.78608E+00   0.38389E+00
   0.81500E+00   0.13514E+03   0.90312E+00   0.36421E+00   0.76441E+00   0.38086E+00
   0.82500E+00   0.13461E+03   0.88300E+00   0.36960E+00   0.74339E+00   0.37774E+00
   0.83500E+00   0.13407E+03   0.86344E+00   0.37493E+00   0.72301E+00   0.37456E+00
   0.84500E+00   0.13354E+03   0.84442E+00   0.38022E+00   0.70323E+00   0.37133E+00
   0.85500E+00   0.13301E+03   0.82589E+00   0.38545E+00   0.68402E+00   0.36804E+00
   0.86500E+00   0.13249E+03   0.80784E+00   0.39063E+00   0.66538E+00   0.36469E+00
   0.87500E+00   0.13196E+03   0.79027E+00   0.39577E+00   0.64728E+00   0.36130E+00
   0.88500E+00   0.13143E+03   0.77316E+00   0.40084E+00   0.62972E+00   0.35786E+00
   0.89500E+00   0.13091E+03   0.75647E+00   0.40586E+00   0.61264E+00   0.35437E+00
   0.90500E+00   0.13039E+03   0.74020E+00   0.41082E+00   0.59606E+00   0.35084E+00
   0.91500E+00   0.12988E+03   0.72435E+00   0.41576E+00   0.57995E+00   0.34732E+00
   0.92500E+00   0.12936E+03   0.70894E+00   0.42063E+00   0.56435E+00   0.34376E+00
   0.93500E+00   0.12885E+03   0.69389E+00   0.42539E+00   0.54920E+00   0.34013E+00
   0.94500E+00   0.12834E+03   0.67918E+00   0.43007E+00   0.53449E+00   0.33644E+00
   0.95500E+00   0.12783E+03   0.66483E+00   0.43467E+00   0.52020E+00   0.33272E+00
   0.96500E+00   0.12733E+03   0.65082E+00   0.43918E+00   0.50636E+00   0.32895E+00
   0.97500E+00   0.12682E+03   0.63713E+00   0.44359E+00   0.49291E+00   0.32513E+00
   0.98500E+00   0.12631E+03   0.62382E+00   0.44797E+00   0.47987E+00   0.32135E+00
   0.99500E+00   0.12582E+03   0.61088E+00   0.45231E+00   0.46723E+00   0.31760E+00
   0.10050E+01   0.12532E+03   0.59826E+00   0.45660E+00   0.45495E+00   0.31386E+00
   0.10150E+01   0.12483E+03   0.58593E+00   0.46085E+00   0.44302E+00   0.31012E+00
   0.10250E+01   0.12434E+03   0.57386E+00   0.46504E+00   0.43139E+00   0.30636E+00
   0.10350E+01   0.12384E+03   0.56201E+00   0.46917E+00   0.42006E+00   0.30257E+00
   0.10450E+01   0.12335E+03   0.55038E+00   0.47323E+00   0.40901E+00   0.29875E+00
   0.10550E+01   0.12286E+03   0.53897E+00   0.47723E+00   0.39823E+00   0.29491E+00
   0.10650E+01   0.12237E+03   0.52779E+00   0.48120E+00   0.38773E+00   0.29107E+00
   0.10750E+01   0.12188E+03   0.51687E+00   0.48514E+00   0.37751E+00   0.28726E+00
   0.10850E+01   0.12139E+03   0.50616E+00   0.48905E+00   0.36754E+00   0.28346E+00
   0.10950E+01   0.12090E+03   0.49565E+00   0.49295E+00   0.35779E+00   0.27967E+00
   0.11050E+01   0.12040E+03   0.48531E+00   0.49683E+00   0.34825E+00   0.27586E+00
   0.11150E+01   0.11990E+03   0.47513E+00   0.50068E+00   0.33892E+00   0.27205E+00
   0.11250E+01   0.11941E+03   0.46518E+00   0.50455E+00   0.32981E+00   0.26829E+00
   0.11350E+01   0.11891E+03   0.45550E+00   0.50845E+00   0.32095E+00   0.26462E+00
   0.11450E+01   0.11842E+03   0.44612E+00   0.51240E+00   0.31236E+00   0.26106E+00
   0.11550E+01   0.11792E+03   0.43708E+00   0.51639E+00   0.30404E+00   0.25762E+00
   0.11650E+01   0.11744E+03   0.42836E+00   0.52043E+00   0.29600E+00   0.25433E+00
   0.11750E+01   0.11696E+03   0.41998E+00   0.52453E+00   0.28823E+00   0.25118E+00
   0.11850E+01   0.11649E+03   0.41194E+00   0.52866E+00   0.28074E+00   0.24817E+00
   0.11950E+01   0.11601E+03   0.40423E+00   0.53284E+00   0.27352E+00   0.24530E+00
   0.12050E+01   0.11555E+03   0.39684E+00   0.53705E+00   0.26657E+00   0.24257E+00
   0.12150E+01   0.11510E+03   0.38976E+00   0.54128E+00   0.25987E+00   0.23998E+00
   0.12250E+01   0.11464E+03   0.38299E+00   0.54555E+00   0.25342E+00   0.23751E+00
   0.12350E+01   0.11420E+03   0.37651E+00   0.54983E+00   0.24721E+00   0.23517E+00
   0.12450E+01   0.11376E+03   0.37032E+00   0.55413E+00   0.24124E+00   0.23295E+00
   0.12550E+01   0.11333E+03   0.36440E+00   0.55844E+00   0.23549E+00   0.23085E+00
   0.12650E+01   0.11291E+03   0.35874E+00   0.56276E+00   0.22995E+00   0.22885E+00
   0.12750E+01   0.11248E+03   0.35331E+00   0.56709E+00   0.22461E+00   0.22696E+00
   0.12850E+01   0.11208E+03   0.34812E+00   0.57143E+00   0.21946E+00   0.22517E+00
   0.12950E+01   0.11167E+03   0.34314E+00   0.57577E+00   0.21448E+00   0.22346E+00
   0.13050E+01   0.11127E+03   0.33836E+00   0.58010E+00   0.20968E+00   0.22183E+00
   0.13150E+01   0.11087E+03   0.33378E+00   0.58443E+00   0.20503E+00   0.22028E+00
   0.13250E+01   0.11049E+03   0.32937E+00   0.58875E+00   0.20054E+00   0.21881E+00
   0.13350E+01   0.11009E+03   0.32513E+00   0.59307E+00   0.19620E+00   0.21740E+00
   0.13450E+01   0.10971E+03   0.32105E+00   0.59738E+00   0.19198E+00   0.21605E+00
   0.13550E+01   0.10933E+03   0.31712E+00   0.60167E+00   0.18790E+00   0.21476E+00
   0.13650E+01   0.10895E+03   0.31333E+00   0.60597E+00   0.18394E+00   0.21353E+00
   0.13750E+01   0.10859E+03   0.30968E+00   0.61024E+00   0.18010E+00   0.21235E+00
   0.13850E+01   0.10822E+03   0.30616E+00   0.61451E+00   0.17636E+00   0.21123E+00
   0.13950E+01   0.10785E+03   0.30276E+00   0.61876E+00   0.17273E+00   0.21014E+00
   0.14050E+01   0.10750E+03   0.29947E+00   0.62299E+00   0.16920E+00   0.20910E+00
   0.14150E+01   0.10714E+03   0.29628E+00   0.62722E+00   0.16576E+00   0.20809E+00
   0.14250E+01   0.10678E+03   0.29319E+00   0.63142E+00   0.16242E+00   0.20711E+00
   0.14350E+01   0.10644E+03   0.29019E+00   0.63559E+00   0.15915E+00   0.20616E+00
   0.14450E+01   0.10608E+03   0.28726E+00   0.63974E+00   0.15596E+00   0.20523E+00
   0.14550E+01   0.10573E+03   0.28439E+00   0.64387E+00   0.15285E+00   0.20431E+00
   0.14650E+01   0.10539E+03   0.28158E+00   0.64796E+00   0.14980E+00   0.20339E+00
   0.14750E+01   0.10503E+03   0.27882E+00   0.65203E+00   0.14680E+00   0.20248E+00
   0.14850E+01   0.10468E+03   0.27611E+00   0.65607E+00   0.14387E+00   0.20157E+00
   0.14950E+01   0.10434E+03   0.27344E+00   0.66009E+00   0.14099E+00   0.20066E+00
   0.15050E+01   0.10398E+03   0.27080E+00   0.66407E+00   0.13816E+00   0.19974E+00
   0.15150E+01   0.10363E+03   0.26820E+00   0.66804E+00   0.13538E+00   0.19882E+00
   0.15250E+01   0.10328E+03   0.26563E+00   0.67196E+00   0.13265E+00   0.19789E+00
   0.15350E+01   0.10294E+03   0.26309E+00   0.67587E+00   0.12997E+00   0.19696E+00
   0.15450E+01   0.10258E+03   0.26058E+00   0.67975E+00   0.12733E+00   0.19602E+00
   0.15550E+01   0.10222E+03   0.25811E+00   0.68363E+00   0.12474E+00   0.19509E+00
   0.15650E+01   0.10188E+03   0.25570E+00   0.68749E+00   0.12220E+00   0.19418E+00
   0.15750E+01   0.10154E+03   0.25333E+00   0.69133E+00   0.11971E+00   0.19327E+00
   0.15850E+01   0.10118E+03   0.25102E+00   0.69519E+00   0.11727E+00   0.19240E+00
   0.15950E+01   0.10082E+03   0.24876E+00   0.69904E+00   0.11487E+00   0.19154E+00
   0.16050E+01   0.10047E+03   0.24656E+00   0.70288E+00   0.11252E+00   0.19071E+00
   0.16150E+01   0.10013E+03   0.24442E+00   0.70672E+00   0.11021E+00   0.18990E+00
   0.16250E+01   0.99770E+02   0.24233E+00   0.71058E+00   0.10794E+00   0.18912E+00
   0.16350E+01   0.99411E+02   0.24029E+00   0.71445E+00   0.10571E+00   0.18836E+00
   0.16450E+01   0.99059E+02   0.23829E+00   0.71831E+00   0.10352E+00   0.18762E+00
   0.16550E+01   0.98713E+02   0.23634E+00   0.72217E+00   0.10137E+00   0.18689E+00
   0.16650E+01   0.98361E+02   0.23443E+00   0.72603E+00   0.99252E-01   0.18619E+00
   0.16750E+01   0.97993E+02   0.23255E+00   0.72991E+00   0.97160E-01   0.18549E+00
   0.16850E+01   0.97631E+02   0.23071E+00   0.73378E+00   0.95102E-01   0.18480E+00
   0.16950E+01   0.97274E+02   0.22889E+00   0.73763E+00   0.93078E-01   0.18412E+00
   0.17050E+01   0.96923E+02   0.22711E+00   0.74147E+00   0.91087E-01   0.18345E+00
   0.17150E+01   0.96562E+02   0.22537E+00   0.74530E+00   0.89131E-01   0.18279E+00
   0.17250E+01   0.96186E+02   0.22364E+00   0.74913E+00   0.87202E-01   0.18214E+00
   0.17350E+01   0.95817E+02   0.22196E+00   0.75293E+00   0.85311E-01   0.18149E+00
   0.17450E+01   0.95455E+02   0.22030E+00   0.75670E+00   0.83457E-01   0.18085E+00
   0.17550E+01   0.95100E+02   0.21868E+00   0.76043E+00   0.81639E-01   0.18021E+00
   0.17650E+01   0.94749E+02   0.21709E+00   0.76414E+00   0.79858E-01   0.17959E+00
   0.17750E+01   0.94365E+02   0.21552E+00   0.76785E+00   0.78101E-01   0.17896E+00
   0.17850E+01   0.93989E+02   0.21398E+00   0.77152E+00   0.76381E-01   0.17835E+00
   0.17950E+01   0.93620E+02   0.21248E+00   0.77516E+00   0.74696E-01   0.17775E+00
   0.18050E+01   0.93259E+02   0.21101E+00   0.77877E+00   0.73046E-01   0.17715E+00
   0.18150E+01   0.92905E+02   0.20956E+00   0.78234E+00   0.71428E-01   0.17656E+00
   0.18250E+01   0.92555E+02   0.20815E+00   0.78587E+00   0.69848E-01   0.17598E+00
   0.18350E+01   0.92165E+02   0.20675E+00   0.78941E+00   0.68282E-01   0.17540E+00
   0.18450E+01   0.91783E+02   0.20537E+00   0.79291E+00   0.66752E-01   0.17482E+00
   0.18550E+01   0.91409E+02   0.20401E+00   0.79637E+00   0.65248E-01   0.17425E+00
   0.18650E+01   0.91041E+02   0.20267E+00   0.79980E+00   0.63771E-01   0.17367E+00
   0.18750E+01   0.90679E+02   0.20133E+00   0.80319E+00   0.62321E-01   0.17307E+00
   0.18850E+01   0.90325E+02   0.19999E+00   0.80652E+00   0.60900E-01   0.17246E+00
   0.18950E+01   0.89956E+02   0.19865E+00   0.80981E+00   0.59499E-01   0.17183E+00
   0.19050E+01   0.89555E+02   0.19729E+00   0.81308E+00   0.58117E-01   0.17117E+00
   0.19150E+01   0.89163E+02   0.19594E+00   0.81628E+00   0.56764E-01   0.17050E+00
   0.19250E+01   0.88775E+02   0.19459E+00   0.81948E+00   0.55426E-01   0.16982E+00
   0.19350E+01   0.88399E+02   0.19324E+00   0.82257E+00   0.54128E-01   0.16911E+00
   0.19450E+01   0.88027E+02   0.19190E+00   0.82567E+00   0.52846E-01   0.16841E+00
   0.19550E+01   0.87663E+02   0.19059E+00   0.82874E+00   0.51592E-01   0.16773E+00
   0.19650E+01   0.87310E+02   0.18935E+00   0.83178E+00   0.50372E-01   0.16709E+00
   0.19750E+01   0.86917E+02   0.18817E+00   0.83483E+00   0.49178E-01   0.16649E+00
   0.19850E+01   0.86513E+02   0.18706E+00   0.83788E+00   0.48014E-01   0.16595E+00
   0.19950E+01   0.86120E+02   0.18602E+00   0.84091E+00   0.46881E-01   0.16547E+00
   0.20050E+01   0.85737E+02   0.18505E+00   0.84393E+00   0.45777E-01   0.16503E+00
   0.20150E+01   0.85363E+02   0.18414E+00   0.84693E+00   0.44700E-01   0.16464E+00
   0.20250E+01   0.84998E+02   0.18328E+00   0.84990E+00   0.43649E-01   0.16429E+00
   0.20350E+01   0.84642E+02   0.18245E+00   0.85285E+00   0.42621E-01   0.16396E+00
   0.20450E+01   0.84292E+02   0.18165E+00   0.85577E+00   0.41614E-01   0.16364E+00
   0.20550E+01   0.83949E+02   0.18087E+00   0.85865E+00   0.40625E-01   0.16333E+00
   0.20650E+01   0.83579E+02   0.18009E+00   0.86152E+00   0.39648E-01   0.16301E+00
   0.20750E+01   0.83160E+02   0.17931E+00   0.86438E+00   0.38681E-01   0.16269E+00
   0.20850E+01   0.82750E+02   0.17853E+00   0.86719E+00   0.37737E-01   0.16236E+00
   0.20950E+01   0.82343E+02   0.17768E+00   0.86993E+00   0.36798E-01   0.16194E+00
   0.21050E+01   0.81936E+02   0.17670E+00   0.87260E+00   0.35862E-01   0.16140E+00
   0.21150E+01   0.81533E+02   0.17563E+00   0.87520E+00   0.34933E-01   0.16076E+00
   0.21250E+01   0.81133E+02   0.17450E+00   0.87776E+00   0.34011E-01   0.16005E+00
   0.21350E+01   0.80743E+02   0.17333E+00   0.88024E+00   0.33111E-01   0.15930E+00
   0.21450E+01   0.80360E+02   0.17217E+00   0.88269E+00   0.32228E-01   0.15854E+00
   0.21550E+01   0.79986E+02   0.17110E+00   0.88516E+00   0.31367E-01   0.15786E+00
   0.21650E+01   0.79625E+02   0.17012E+00   0.88761E+00   0.30534E-01   0.15727E+00
   0.21750E+01   0.79231E+02   0.16923E+00   0.89007E+00   0.29722E-01   0.15674E+00
   0.21850E+01   0.78767E+02   0.16842E+00   0.89254E+00   0.28928E-01   0.15629E+00
   0.21950E+01   0.78317E+02   0.16768E+00   0.89499E+00   0.28157E-01   0.15589E+00
   0.22050E+01   0.77878E+02   0.16701E+00   0.89743E+00   0.27405E-01   0.15556E+00
   0.22150E+01   0.77450E+02   0.16640E+00   0.89985E+00   0.26672E-01   0.15528E+00
   0.22250E+01   0.77032E+02   0.16584E+00   0.90225E+00   0.25955E-01   0.15503E+00
   0.22350E+01   0.76623E+02   0.16531E+00   0.90463E+00   0.25255E-01   0.15482E+00
   0.22450E+01   0.76222E+02   0.16480E+00   0.90697E+00   0.24568E-01   0.15462E+00
   0.22550E+01   0.75829E+02   0.16431E+00   0.90929E+00   0.23894E-01   0.15442E+00
   0.22650E+01   0.75442E+02   0.16382E+00   0.91158E+00   0.23230E-01   0.15423E+00
   0.22750E+01   0.75060E+02   0.16334E+00   0.91385E+00   0.22577E-01   0.15403E+00
   0.22850E+01   0.74687E+02   0.16285E+00   0.91608E+00   0.21938E-01   0.15383E+00
   0.22950E+01   0.74319E+02   0.16232E+00   0.91825E+00   0.21307E-01   0.15356E+00
   0.23050E+01   0.73951E+02   0.16166E+00   0.92038E+00   0.20676E-01   0.15318E+00
   0.23150E+01   0.73587E+02   0.16090E+00   0.92244E+00   0.20053E-01   0.15269E+00
   0.23250E+01   0.73039E+02   0.16009E+00   0.92448E+00   0.19435E-01   0.15214E+00
   0.23350E+01   0.72483E+02   0.15926E+00   0.92649E+00   0.18827E-01   0.15157E+00
   0.23450E+01   0.71933E+02   0.15834E+00   0.92846E+00   0.18225E-01   0.15091E+00
   0.23550E+01   0.71398E+02   0.15741E+00   0.93038E+00   0.17640E-01   0.15023E+00
   0.23650E+01   0.70874E+02   0.15656E+00   0.93230E+00   0.17067E-01   0.14962E+00
   0.23750E+01   0.70365E+02   0.15577E+00   0.93421E+00   0.16510E-01   0.14907E+00
   0.23850E+01   0.69868E+02   0.15502E+00   0.93610E+00   0.15967E-01   0.14855E+00
   0.23950E+01   0.69382E+02   0.15430E+00   0.93796E+00   0.15436E-01   0.14805E+00
   0.24050E+01   0.68908E+02   0.15359E+00   0.93980E+00   0.14917E-01   0.14756E+00
   0.24150E+01   0.68443E+02   0.15290E+00   0.94161E+00   0.14409E-01   0.14708E+00
   0.24250E+01   0.67989E+02   0.15222E+00   0.94339E+00   0.13912E-01   0.14661E+00
   0.24350E+01   0.67545E+02   0.15156E+00   0.94516E+00   0.13426E-01   0.14615E+00
   0.24450E+01   0.67110E+02   0.15091E+00   0.94690E+00   0.12951E-01   0.14570E+00
   0.24550E+01   0.66684E+02   0.15027E+00   0.94861E+00   0.12485E-01   0.14525E+00
   0.24650E+01   0.66267E+02   0.14964E+00   0.95030E+00   0.12029E-01   0.14480E+00
   0.24750E+01   0.65860E+02   0.14900E+00   0.95196E+00   0.11583E-01   0.14435E+00
   0.24850E+01   0.65461E+02   0.14837E+00   0.95360E+00   0.11147E-01   0.14390E+00
   0.24950E+01   0.65070E+02   0.14777E+00   0.95521E+00   0.10720E-01   0.14347E+00
   0.25050E+01   0.64688E+02   0.14720E+00   0.95682E+00   0.10302E-01   0.14307E+00
   0.25150E+01   0.63731E+02   0.14666E+00   0.95839E+00   0.98943E-02   0.14270E+00
   0.25250E+01   0.61191E+02   0.14616E+00   0.95992E+00   0.95000E-02   0.14237E+00
   0.25350E+01   0.58701E+02   0.14569E+00   0.96144E+00   0.91133E-02   0.14206E+00
   0.25450E+01   0.56254E+02   0.14525E+00   0.96294E+00   0.87335E-02   0.14177E+00
   0.25550E+01   0.53846E+02   0.14481E+00   0.96443E+00   0.83597E-02   0.14149E+00
   0.25650E+01   0.51476E+02   0.14439E+00   0.96590E+00   0.79917E-02   0.14121E+00
   0.25750E+01   0.49140E+02   0.14396E+00   0.96736E+00   0.76291E-02   0.14093E+00
   0.25850E+01   0.46847E+02   0.14354E+00   0.96880E+00   0.72730E-02   0.14065E+00
   0.25950E+01   0.44607E+02   0.14311E+00   0.97021E+00   0.69253E-02   0.14037E+00
   0.26050E+01   0.42400E+02   0.14266E+00   0.97160E+00   0.65826E-02   0.14005E+00
   0.26150E+01   0.40219E+02   0.14212E+00   0.97296E+00   0.62440E-02   0.13966E+00
   0.26250E+01   0.38090E+02   0.14155E+00   0.97429E+00   0.59135E-02   0.13921E+00
   0.26350E+01   0.35970E+02   0.14099E+00   0.97563E+00   0.55843E-02   0.13878E+00
   0.26450E+01   0.33922E+02   0.14043E+00   0.97693E+00   0.52665E-02   0.13835E+00
   0.26550E+01   0.31911E+02   0.13964E+00   0.97818E+00   0.49542E-02   0.13769E+00
   0.26650E+01   0.29873E+02   0.13865E+00   0.97943E+00   0.46378E-02   0.13682E+00
   0.26750E+01   0.27898E+02   0.13754E+00   0.98064E+00   0.43312E-02   0.13584E+00
   0.26850E+01   0.25902E+02   0.13615E+00   0.98185E+00   0.40213E-02   0.13457E+00
   0.26950E+01   0.23994E+02   0.13447E+00   0.98297E+00   0.37251E-02   0.13301E+00
   0.27050E+01   0.22068E+02   0.13209E+00   0.98406E+00   0.34260E-02   0.13074E+00
   0.27150E+01   0.20235E+02   0.12952E+00   0.98510E+00   0.31415E-02   0.12829E+00
   0.27250E+01   0.18370E+02   0.12597E+00   0.98609E+00   0.28520E-02   0.12486E+00
   0.27350E+01   0.16626E+02   0.12240E+00   0.98705E+00   0.25812E-02   0.12139E+00
   0.27450E+01   0.14940E+02   0.11897E+00   0.98803E+00   0.23195E-02   0.11807E+00
   0.27550E+01   0.13342E+02   0.11564E+00   0.98900E+00   0.20714E-02   0.11483E+00
   0.27650E+01   0.11826E+02   0.11236E+00   0.98997E+00   0.18361E-02   0.11165E+00
   0.27750E+01   0.10380E+02   0.10910E+00   0.99093E+00   0.16116E-02   0.10847E+00
   0.27850E+01   0.90125E+01   0.10583E+00   0.99188E+00   0.13992E-02   0.10529E+00
   0.27950E+01   0.77323E+01   0.10257E+00   0.99282E+00   0.12004E-02   0.10210E+00
   0.28050E+01   0.65749E+01   0.99132E-01   0.99368E+00   0.10208E-02   0.98735E-01
   0.28150E+01   0.54404E+01   0.94663E-01   0.99453E+00   0.84463E-03   0.94335E-01
   0.28250E+01   0.43985E+01   0.89557E-01   0.99532E+00   0.68287E-03   0.89292E-01
   0.28350E+01   0.34126E+01   0.84803E-01   0.99617E+00   0.52981E-03   0.84598E-01
   0.28450E+01   0.24855E+01   0.80126E-01   0.99705E+00   0.38587E-03   0.79976E-01
   0.28550E+01   0.17362E+01   0.75138E-01   0.99780E+00   0.26954E-03   0.75033E-01
   0.28650E+01   0.11323E+01   0.65829E-01   0.99836E+00   0.17578E-03   0.65760E-01
   0.28750E+01   0.46729E+00   0.42301E-01   0.99895E+00   0.72547E-04   0.42273E-01
   0.28850E+01   0.16660E+00   0.16289E-01   0.99903E+00   0.25865E-04   0.16279E-01
   0.28950E+01   0.30516E-01   0.30489E-02   0.99905E+00   0.47376E-05   0.30470E-02
   0.29050E+01   0.00000E+00   0.00000E+00   0.10000E+01   0.00000E+00   0.00000E+00
   0.29150E+01   0.00000E+00   0.00000E+00   0.10000E+01   0.00000E+00   0.00000E+00
   0.29250E+01   0.00000E+00   0.00000E+00   0.10000E+01   0.00000E+00   0.00000E+00
   0.29350E+01   0.00000E+00   0.00000E+00   0.10000E+01   0.00000E+00   0.00000E+00
   0.29450E+01   0.00000E+00   0.00000E+00   0.10000E+01   0.00000E+00   0.00000E+00
   0.29550E+01   0.00000E+00   0.00000E+00   0.10000E+01   0.00000E+00   0.00000E+00
   0.29650E+01   0.00000E+00   0.00000E+00   0.10000E+01   0.00000E+00   0.00000E+00
   0.29750E+01   0.00000E+00   0.00000E+00   0.10000E+01   0.00000E+00   0.00000E+00
   0.29850E+01   0.00000E+00   0.00000E+00   0.10000E+01   0.00000E+00   0.00000E+00
   0.29950E+01   0.00000E+00   0.00000E+00   0.10000E+01   0.00000E+00   0.00000E+00
   0.30050E+01   0.00000E+00   0.00000E+00   0.10000E+01   0.00000E+00   0.00000E+00
   0.30150E+01   0.00000E+00   0.00000E+00   0.10000E+01   0.00000E+00   0.00000E+00
   0.30250E+01   0.00000E+00   0.00000E+00   0.10000E+01   0.00000E+00   0.00000E+00
   0.30350E+01   0.00000E+00   0.00000E+00   0.10000E+01   0.00000E+00   0.00000E+00
   0.30450E+01   0.00000E+00   0.00000E+00   0.10000E+01   0.00000E+00   0.00000E+00
   0.30550E+01   0.00000E+00   0.00000E+00   0.10000E+01   0.00000E+00   0.00000E+00
   0.30650E+01   0.00000E+00   0.00000E+00   0.10000E+01   0.00000E+00   0.00000E+00
   0.30750E+01   0.00000E+00   0.00000E+00   0.10000E+01   0.00000E+00   0.00000E+00
   0.30850E+01   0.00000E+00   0.00000E+00   0.10000E+01   0.00000E+00   0.00000E+00
   0.30950E+01   0.00000E+00   0.00000E+00   0.10000E+01   0.00000E+00   0.00000E+00
   0.31050E+01   0.00000E+00   0.00000E+00   0.10000E+01   0.00000E+00   0.00000E+00
   0.31150E+01   0.00000E+00   0.00000E+00   0.10000E+01   0.00000E+00   0.00000E+00
   0.31250E+01   0.00000E+00   0.00000E+00   0.10000E+01   0.00000E+00   0.00000E+00
   0.31350E+01   0.00000E+00   0.00000E+00   0.10000E+01   0.00000E+00   0.00000E+00
   0.31450E+01   0.00000E+00   0.00000E+00   0.10000E+01   0.00000E+00   0.00000E+00
   0.31550E+01   0.00000E+00   0.00000E+00   0.10000E+01   0.00000E+00   0.00000E+00
   0.31650E+01   0.00000E+00   0.00000E+00   0.10000E+01   0.00000E+00   0.00000E+00
   0.31750E+01   0.00000E+00   0.00000E+00   0.10000E+01   0.00000E+00   0.00000E+00
   0.31850E+01   0.00000E+00   0.00000E+00   0.10000E+01   0.00000E+00   0.00000E+00
   0.31950E+01   0.00000E+00   0.00000E+00   0.10000E+01   0.00000E+00   0.00000E+00
   0.32050E+01   0.00000E+00   0.00000E+00   0.10000E+01   0.00000E+00   0.00000E+00
   0.32150E+01   0.00000E+00   0.00000E+00   0.10000E+01   0.00000E+00   0.00000E+00
   0.32250E+01   0.00000E+00   0.00000E+00   0.10000E+01   0.00000E+00   0.00000E+00
   0.32350E+01   0.00000E+00   0.00000E+00   0.10000E+01   0.00000E+00   0.00000E+00
   0.32450E+01   0.00000E+00   0.00000E+00   0.10000E+01   0.00000E+00   0.00000E+00
   0.32550E+01   0.00000E+00   0.00000E+00   0.10000E+01   0.00000E+00   0.00000E+00
   0.32650E+01   0.00000E+00   0.00000E+00   0.10000E+01   0.00000E+00   0.00000E+00
   0.32750E+01   0.00000E+00   0.00000E+00   0.10000E+01   0.00000E+00   0.00000E+00
   0.32850E+01   0.00000E+00   0.00000E+00   0.10000E+01   0.00000E+00   0.00000E+00
   0.32950E+01   0.00000E+00   0.00000E+00   0.10000E+01   0.00000E+00   0.00000E+00
   0.33050E+01   0.00000E+00   0.00000E+00   0.10000E+01   0.00000E+00   0.00000E+00
   0.33150E+01   0.00000E+00   0.00000E+00   0.10000E+01   0.00000E+00   0.00000E+00
   0.33250E+01   0.00000E+00   0.00000E+00   0.10000E+01   0.00000E+00   0.00000E+00
   0.33350E+01   0.00000E+00   0.00000E+00   0.10000E+01   0.00000E+00   0.00000E+00
   0.33450E+01   0.00000E+00   0.00000E+00   0.10000E+01   0.00000E+00   0.00000E+00
   0.33550E+01   0.00000E+00   0.00000E+00   0.10000E+01   0.00000E+00   0.00000E+00
   0.33650E+01   0.00000E+00   0.00000E+00   0.10000E+01   0.00000E+00   0.00000E+00
   0.33750E+01   0.00000E+00   0.00000E+00   0.10000E+01   0.00000E+00   0.00000E+00
   0.33850E+01   0.00000E+00   0.00000E+00   0.10000E+01   0.00000E+00   0.00000E+00
   0.33950E+01   0.00000E+00   0.00000E+00   0.10000E+01   0.00000E+00   0.00000E+00
   0.34050E+01   0.00000E+00   0.00000E+00   0.10000E+01   0.00000E+00   0.00000E+00
   0.34150E+01   0.00000E+00   0.00000E+00   0.10000E+01   0.00000E+00   0.00000E+00
   0.34250E+01   0.00000E+00   0.00000E+00   0.10000E+01   0.00000E+00   0.00000E+00
   0.34350E+01   0.00000E+00   0.00000E+00   0.10000E+01   0.00000E+00   0.00000E+00
   0.34450E+01   0.00000E+00   0.00000E+00   0.10000E+01   0.00000E+00   0.00000E+00
   0.34550E+01   0.00000E+00   0.00000E+00   0.10000E+01   0.00000E+00   0.00000E+00
   0.34650E+01   0.00000E+00   0.00000E+00   0.10000E+01   0.00000E+00   0.00000E+00
   0.34750E+01   0.00000E+00   0.00000E+00   0.10000E+01   0.00000E+00   0.00000E+00
   0.34850E+01   0.00000E+00   0.00000E+00   0.10000E+01   0.00000E+00   0.00000E+00
   0.34950E+01   0.00000E+00   0.00000E+00   0.10000E+01   0.00000E+00   0.00000E+00
   0.35050E+01   0.00000E+00   0.00000E+00   0.10000E+01   0.00000E+00   0.00000E+00
   0.35150E+01   0.00000E+00   0.00000E+00   0.10000E+01   0.00000E+00   0.00000E+00
   0.35250E+01   0.00000E+00   0.00000E+00   0.10000E+01   0.00000E+00   0.00000E+00
   0.35350E+01   0.00000E+00   0.00000E+00   0.10000E+01   0.00000E+00   0.00000E+00
   0.35450E+01   0.00000E+00   0.00000E+00   0.10000E+01   0.00000E+00   0.00000E+00
   0.35550E+01   0.00000E+00   0.00000E+00   0.10000E+01   0.00000E+00   0.00000E+00
   0.35650E+01   0.00000E+00   0.00000E+00   0.10000E+01   0.00000E+00   0.00000E+00
   0.35750E+01   0.00000E+00   0.00000E+00   0.10000E+01   0.00000E+00   0.00000E+00
   0.35850E+01   0.00000E+00   0.00000E+00   0.10000E+01   0.00000E+00   0.00000E+00
   0.35950E+01   0.00000E+00   0.00000E+00   0.10000E+01   0.00000E+00   0.00000E+00
   0.36050E+01   0.00000E+00   0.00000E+00   0.10000E+01   0.00000E+00   0.00000E+00
   0.36150E+01   0.00000E+00   0.00000E+00   0.10000E+01   0.00000E+00   0.00000E+00
   0.36250E+01   0.00000E+00   0.00000E+00   0.10000E+01   0.00000E+00   0.00000E+00
   0.36350E+01   0.00000E+00   0.00000E+00   0.10000E+01   0.00000E+00   0.00000E+00
   0.36450E+01   0.00000E+00   0.00000E+00   0.10000E+01   0.00000E+00   0.00000E+00
   0.36550E+01   0.00000E+00   0.00000E+00   0.10000E+01   0.00000E+00   0.00000E+00
   0.36650E+01   0.00000E+00   0.00000E+00   0.10000E+01   0.00000E+00   0.00000E+00
   0.36750E+01   0.00000E+00   0.00000E+00   0.10000E+01   0.00000E+00   0.00000E+00
   0.36850E+01   0.00000E+00   0.00000E+00   0.10000E+01   0.00000E+00   0.00000E+00
   0.36950E+01   0.00000E+00   0.00000E+00   0.10000E+01   0.00000E+00   0.00000E+00
   0.37050E+01   0.00000E+00   0.00000E+00   0.10000E+01   0.00000E+00   0.00000E+00
   0.37150E+01   0.00000E+00   0.00000E+00   0.10000E+01   0.00000E+00   0.00000E+00
   0.37250E+01   0.00000E+00   0.00000E+00   0.10000E+01   0.00000E+00   0.00000E+00
   0.37350E+01   0.00000E+00   0.00000E+00   0.10000E+01   0.00000E+00   0.00000E+00
   0.37450E+01   0.00000E+00   0.00000E+00   0.10000E+01   0.00000E+00   0.00000E+00
   0.37550E+01   0.00000E+00   0.00000E+00   0.10000E+01   0.00000E+00   0.00000E+00
   0.37650E+01   0.00000E+00   0.00000E+00   0.10000E+01   0.00000E+00   0.00000E+00
   0.37750E+01   0.00000E+00   0.00000E+00   0.10000E+01   0.00000E+00   0.00000E+00
   0.37850E+01   0.00000E+00   0.00000E+00   0.10000E+01   0.00000E+00   0.00000E+00
   0.37950E+01   0.00000E+00   0.00000E+00   0.10000E+01   0.00000E+00   0.00000E+00
   0.38050E+01   0.00000E+00   0.00000E+00   0.10000E+01   0.00000E+00   0.00000E+00
   0.38150E+01   0.00000E+00   0.00000E+00   0.10000E+01   0.00000E+00   0.00000E+00
   0.38250E+01   0.00000E+00   0.00000E+00   0.10000E+01   0.00000E+00   0.00000E+00
   0.38350E+01   0.00000E+00   0.00000E+00   0.10000E+01   0.00000E+00   0.00000E+00
   0.38450E+01   0.00000E+00   0.00000E+00   0.10000E+01   0.00000E+00   0.00000E+00
   0.38550E+01   0.00000E+00   0.00000E+00   0.10000E+01   0.00000E+00   0.00000E+00
   0.38650E+01   0.00000E+00   0.00000E+00   0.10000E+01   0.00000E+00   0.00000E+00
   0.38750E+01   0.00000E+00   0.00000E+00   0.10000E+01   0.00000E+00   0.00000E+00
   0.38850E+01   0.00000E+00   0.00000E+00   0.10000E+01   0.00000E+00   0.00000E+00
   0.38950E+01   0.00000E+00   0.00000E+00   0.10000E+01   0.00000E+00   0.00000E+00
   0.39050E+01   0.00000E+00   0.00000E+00   0.10000E+01   0.00000E+00   0.00000E+00
   0.39150E+01   0.00000E+00   0.00000E+00   0.10000E+01   0.00000E+00   0.00000E+00
   0.39250E+01   0.00000E+00   0.00000E+00   0.10000E+01   0.00000E+00   0.00000E+00
   0.39350E+01   0.00000E+00   0.00000E+00   0.10000E+01   0.00000E+00   0.00000E+00
   0.39450E+01   0.00000E+00   0.00000E+00   0.10000E+01   0.00000E+00   0.00000E+00
   0.39550E+01   0.00000E+00   0.00000E+00   0.10000E+01   0.00000E+00   0.00000E+00
   0.39650E+01   0.00000E+00   0.00000E+00   0.10000E+01   0.00000E+00   0.00000E+00
   0.39750E+01   0.00000E+00   0.00000E+00   0.10000E+01   0.00000E+00   0.00000E+00
   0.39850E+01   0.00000E+00   0.00000E+00   0.10000E+01   0.00000E+00   0.00000E+00
   0.39950E+01   0.00000E+00   0.00000E+00   0.10000E+01   0.00000E+00   0.00000E+00
   0.40050E+01   0.00000E+00   0.00000E+00   0.10000E+01   0.00000E+00   0.00000E+00
   0.40150E+01   0.00000E+00   0.00000E+00   0.10000E+01   0.00000E+00   0.00000E+00
   0.40250E+01   0.00000E+00   0.00000E+00   0.10000E+01   0.00000E+00   0.00000E+00
   0.40350E+01   0.00000E+00   0.00000E+00   0.10000E+01   0.00000E+00   0.00000E+00
   0.40450E+01   0.00000E+00   0.00000E+00   0.10000E+01   0.00000E+00   0.00000E+00
   0.40550E+01   0.00000E+00   0.00000E+00   0.10000E+01   0.00000E+00   0.00000E+00
   0.40650E+01   0.00000E+00   0.00000E+00   0.10000E+01   0.00000E+00   0.00000E+00
   0.40750E+01   0.00000E+00   0.00000E+00   0.10000E+01   0.00000E+00   0.00000E+00
   0.40850E+01   0.00000E+00   0.00000E+00   0.10000E+01   0.00000E+00   0.00000E+00
   0.40950E+01   0.00000E+00   0.00000E+00   0.10000E+01   0.00000E+00   0.00000E+00
   0.41050E+01   0.00000E+00   0.00000E+00   0.10000E+01   0.00000E+00   0.00000E+00
   0.41150E+01   0.00000E+00   0.00000E+00   0.10000E+01   0.00000E+00   0.00000E+00
   0.41250E+01   0.00000E+00   0.00000E+00   0.10000E+01   0.00000E+00   0.00000E+00
   0.41350E+01   0.00000E+00   0.00000E+00   0.10000E+01   0.00000E+00   0.00000E+00
   0.41450E+01   0.00000E+00   0.00000E+00   0.10000E+01   0.00000E+00   0.00000E+00
   0.41550E+01   0.00000E+00   0.00000E+00   0.10000E+01   0.00000E+00   0.00000E+00
   0.41650E+01   0.00000E+00   0.00000E+00   0.10000E+01   0.00000E+00   0.00000E+00
   0.41750E+01   0.00000E+00   0.00000E+00   0.10000E+01   0.00000E+00   0.00000E+00
   0.41850E+01   0.00000E+00   0.00000E+00   0.10000E+01   0.00000E+00   0.00000E+00
   0.41950E+01   0.00000E+00   0.00000E+00   0.10000E+01   0.00000E+00   0.00000E+00
   0.42050E+01   0.00000E+00   0.00000E+00   0.10000E+01   0.00000E+00   0.00000E+00
   0.42150E+01   0.00000E+00   0.00000E+00   0.10000E+01   0.00000E+00   0.00000E+00
   0.42250E+01   0.00000E+00   0.00000E+00   0.10000E+01   0.00000E+00   0.00000E+00
   0.42350E+01   0.00000E+00   0.00000E+00   0.10000E+01   0.00000E+00   0.00000E+00
   0.42450E+01   0.00000E+00   0.00000E+00   0.10000E+01   0.00000E+00   0.00000E+00
   0.42550E+01   0.00000E+00   0.00000E+00   0.10000E+01   0.00000E+00   0.00000E+00
   0.42650E+01   0.00000E+00   0.00000E+00   0.10000E+01   0.00000E+00   0.00000E+00
   0.42750E+01   0.00000E+00   0.00000E+00   0.10000E+01   0.00000E+00   0.00000E+00
   0.42850E+01   0.00000E+00   0.00000E+00   0.10000E+01   0.00000E+00   0.00000E+00
   0.42950E+01   0.00000E+00   0.00000E+00   0.10000E+01   0.00000E+00   0.00000E+00
   0.43050E+01   0.00000E+00   0.00000E+00   0.10000E+01   0.00000E+00   0.00000E+00
   0.43150E+01   0.00000E+00   0.00000E+00   0.10000E+01   0.00000E+00   0.00000E+00
   0.43250E+01   0.00000E+00   0.00000E+00   0.10000E+01   0.00000E+00   0.00000E+00
   0.43350E+01   0.00000E+00   0.00000E+00   0.10000E+01   0.00000E+00   0.00000E+00
   0.43450E+01   0.00000E+00   0.00000E+00   0.10000E+01   0.00000E+00   0.00000E+00
   0.43550E+01   0.00000E+00   0.00000E+00   0.10000E+01   0.00000E+00   0.00000E+00
   0.43650E+01   0.00000E+00   0.00000E+00   0.10000E+01   0.00000E+00   0.00000E+00
   0.43750E+01   0.00000E+00   0.00000E+00   0.10000E+01   0.00000E+00   0.00000E+00
   0.43850E+01   0.00000E+00   0.00000E+00   0.10000E+01   0.00000E+00   0.00000E+00
   0.43950E+01   0.00000E+00   0.00000E+00   0.10000E+01   0.00000E+00   0.00000E+00
   0.44050E+01   0.00000E+00   0.00000E+00   0.10000E+01   0.00000E+00   0.00000E+00
   0.44150E+01   0.00000E+00   0.00000E+00   0.10000E+01   0.00000E+00   0.00000E+00
   0.44250E+01   0.00000E+00   0.00000E+00   0.10000E+01   0.00000E+00   0.00000E+00
   0.44350E+01   0.00000E+00   0.00000E+00   0.10000E+01   0.00000E+00   0.00000E+00
   0.44450E+01   0.00000E+00   0.00000E+00   0.10000E+01   0.00000E+00   0.00000E+00
   0.44550E+01   0.00000E+00   0.00000E+00   0.10000E+01   0.00000E+00   0.00000E+00
   0.44650E+01   0.00000E+00   0.00000E+00   0.10000E+01   0.00000E+00   0.00000E+00
   0.44750E+01   0.00000E+00   0.00000E+00   0.10000E+01   0.00000E+00   0.00000E+00
   0.44850E+01   0.00000E+00   0.00000E+00   0.10000E+01   0.00000E+00   0.00000E+00
   0.44950E+01   0.00000E+00   0.00000E+00   0.10000E+01   0.00000E+00   0.00000E+00
   0.45050E+01   0.00000E+00   0.00000E+00   0.10000E+01   0.00000E+00   0.00000E+00
   0.45150E+01   0.00000E+00   0.00000E+00   0.10000E+01   0.00000E+00   0.00000E+00
   0.45250E+01   0.00000E+00   0.00000E+00   0.10000E+01   0.00000E+00   0.00000E+00
   0.45350E+01   0.00000E+00   0.00000E+00   0.10000E+01   0.00000E+00   0.00000E+00
   0.45450E+01   0.00000E+00   0.00000E+00   0.10000E+01   0.00000E+00   0.00000E+00
   0.45550E+01   0.00000E+00   0.00000E+00   0.10000E+01   0.00000E+00   0.00000E+00
   0.45650E+01   0.00000E+00   0.00000E+00   0.10000E+01   0.00000E+00   0.00000E+00
   0.45750E+01   0.00000E+00   0.00000E+00   0.10000E+01   0.00000E+00   0.00000E+00
   0.45850E+01   0.00000E+00   0.00000E+00   0.10000E+01   0.00000E+00   0.00000E+00
   0.45950E+01   0.00000E+00   0.00000E+00   0.10000E+01   0.00000E+00   0.00000E+00
   0.46050E+01   0.00000E+00   0.00000E+00   0.10000E+01   0.00000E+00   0.00000E+00
   0.46150E+01   0.00000E+00   0.00000E+00   0.10000E+01   0.00000E+00   0.00000E+00
   0.46250E+01   0.00000E+00   0.00000E+00   0.10000E+01   0.00000E+00   0.00000E+00
   0.46350E+01   0.00000E+00   0.00000E+00   0.10000E+01   0.00000E+00   0.00000E+00
   0.46450E+01   0.00000E+00   0.00000E+00   0.10000E+01   0.00000E+00   0.00000E+00
   0.46550E+01   0.00000E+00   0.00000E+00   0.10000E+01   0.00000E+00   0.00000E+00
   0.46650E+01   0.00000E+00   0.00000E+00   0.10000E+01   0.00000E+00   0.00000E+00
   0.46750E+01   0.00000E+00   0.00000E+00   0.10000E+01   0.00000E+00   0.00000E+00
   0.46850E+01   0.00000E+00   0.00000E+00   0.10000E+01   0.00000E+00   0.00000E+00
   0.46950E+01   0.00000E+00   0.00000E+00   0.10000E+01   0.00000E+00   0.00000E+00
   0.47050E+01   0.00000E+00   0.00000E+00   0.10000E+01   0.00000E+00   0.00000E+00
   0.47150E+01   0.00000E+00   0.00000E+00   0.10000E+01   0.00000E+00   0.00000E+00
   0.47250E+01   0.00000E+00   0.00000E+00   0.10000E+01   0.00000E+00   0.00000E+00
   0.47350E+01   0.00000E+00   0.00000E+00   0.10000E+01   0.00000E+00   0.00000E+00
   0.47450E+01   0.00000E+00   0.00000E+00   0.10000E+01   0.00000E+00   0.00000E+00
   0.47550E+01   0.00000E+00   0.00000E+00   0.10000E+01   0.00000E+00   0.00000E+00
   0.47650E+01   0.00000E+00   0.00000E+00   0.10000E+01   0.00000E+00   0.00000E+00
   0.47750E+01   0.00000E+00   0.00000E+00   0.10000E+01   0.00000E+00   0.00000E+00
   0.47850E+01   0.00000E+00   0.00000E+00   0.10000E+01   0.00000E+00   0.00000E+00
   0.47950E+01   0.00000E+00   0.00000E+00   0.10000E+01   0.00000E+00   0.00000E+00
   0.48050E+01   0.00000E+00   0.00000E+00   0.10000E+01   0.00000E+00   0.00000E+00
   0.48150E+01   0.00000E+00   0.00000E+00   0.10000E+01   0.00000E+00   0.00000E+00
   0.48250E+01   0.00000E+00   0.00000E+00   0.10000E+01   0.00000E+00   0.00000E+00
   0.48350E+01   0.00000E+00   0.00000E+00   0.10000E+01   0.00000E+00   0.00000E+00
   0.48450E+01   0.00000E+00   0.00000E+00   0.10000E+01   0.00000E+00   0.00000E+00
   0.48550E+01   0.00000E+00   0.00000E+00   0.10000E+01   0.00000E+00   0.00000E+00
   0.48650E+01   0.00000E+00   0.00000E+00   0.10000E+01   0.00000E+00   0.00000E+00
   0.48750E+01   0.00000E+00   0.00000E+00   0.10000E+01   0.00000E+00   0.00000E+00
   0.48850E+01   0.00000E+00   0.00000E+00   0.10000E+01   0.00000E+00   0.00000E+00
   0.48950E+01   0.00000E+00   0.00000E+00   0.10000E+01   0.00000E+00   0.00000E+00
   0.49050E+01   0.00000E+00   0.00000E+00   0.10000E+01   0.00000E+00   0.00000E+00
   0.49150E+01   0.00000E+00   0.00000E+00   0.10000E+01   0.00000E+00   0.00000E+00
   0.49250E+01   0.00000E+00   0.00000E+00   0.10000E+01   0.00000E+00   0.00000E+00
   0.49350E+01   0.00000E+00   0.00000E+00   0.10000E+01   0.00000E+00   0.00000E+00
   0.49450E+01   0.00000E+00   0.00000E+00   0.10000E+01   0.00000E+00   0.00000E+00
   0.49550E+01   0.00000E+00   0.00000E+00   0.10000E+01   0.00000E+00   0.00000E+00
   0.49650E+01   0.00000E+00   0.00000E+00   0.10000E+01   0.00000E+00   0.00000E+00
   0.49750E+01   0.00000E+00   0.00000E+00   0.10000E+01   0.00000E+00   0.00000E+00
   0.49850E+01   0.00000E+00   0.00000E+00   0.10000E+01   0.00000E+00   0.00000E+00
   0.49950E+01   0.00000E+00   0.00000E+00   0.10000E+01   0.00000E+00   0.00000E+00
